Selection	View	Channel	Begin Time (s)	End Time (s)	High Freq (Hz)	Low Freq (Hz)	Time 5% (s)	Time 5% Rel.	Time 95% (s)	Time 95% Rel.	Dur 90% (s)	Delta Time (s)	Freq 5% (Hz)	Freq 95% (Hz)	Peak Freq (Hz)	BW 90% (Hz)	SNR NIST Quick (dB)	QualName
1	Spectrogram 1	1	1.508226384	4.113344684	2943.052	1274.311	1.8749	0.1341	3.5624	0.7927	1.6875	2.6051	1392.000	2928.000	2928.000	1536.000	15.64	M
2	Spectrogram 1	1	4.678929578	9.169330858	2950.637	1259.141	5.0624	0.0839	8.7812	0.9161	3.7188	4.4904	1328.000	2944.000	2448.000	1616.000	15.79	M3
3	Spectrogram 1	1	10.011301380	13.250560319	1190.874	348.919	10.4374	0.1262	13.0624	0.9417	2.6250	3.2393	368.000	960.000	416.000	592.000	19.21	A
4	Spectrogram 1	1	16.060982938	16.933268950	731.792	629.570	16.1562	0.1111	16.5937	0.6296	0.4375	0.8723	656.000	704.000	688.000	48.000	23.61	B
5	Spectrogram 1	1	17.346403152	18.186211025	530.963	326.163	17.4687	0.1200	18.1249	0.9600	0.6562	0.8398	336.000	464.000	400.000	128.000	21.67	D
6	Spectrogram 1	1	20.140049750	21.082691240	530.963	303.407	20.2187	0.0690	20.9062	0.8276	0.6875	0.9426	304.000	496.000	400.000	192.000	24.33	D
7	Spectrogram 1	1	22.196722092	23.310752944	515.793	144.119	22.3437	0.1176	23.0624	0.7941	0.7188	1.1140	176.000	416.000	192.000	240.000	20.90	D
8	Spectrogram 1	1	24.133421881	25.298869541	515.793	159.289	24.2499	0.0833	25.0312	0.7778	0.7812	1.1654	176.000	448.000	272.000	272.000	21.66	D
9	Spectrogram 1	1	37.326698634	38.005365882	2542.085	294.188	37.3749	0.0476	37.9374	0.9048	0.5625	0.6787	320.000	960.000	464.000	640.000	17.91	break
10	Spectrogram 1	1	45.234376981	45.971351237	720.593	576.474	45.4374	0.2609	45.9062	0.9130	0.4688	0.7370	624.000	672.000	640.000	48.000	21.45	B
11	Spectrogram 1	1	46.314129961	47.479577621	584.059	417.185	46.3749	0.0278	47.1562	0.7222	0.7812	1.1654	448.000	512.000	496.000	64.000	19.30	C
12	Spectrogram 1	1	48.608801559	49.529849967	748.308	630.154	48.7812	0.1786	49.4999	1.0000	0.7188	0.9210	656.000	720.000	704.000	64.000	17.91	B
13	Spectrogram 1	1	49.844945475	50.838708231	502.154	374.154	50.1249	0.2667	50.5312	0.7000	0.4062	0.9938	432.000	496.000	480.000	64.000	25.81	C
14	Spectrogram 1	1	52.971662439	53.723044035	787.692	571.077	53.1249	0.1739	53.7187	1.0000	0.5938	0.7514	576.000	704.000	640.000	128.000	25.73	B
15	Spectrogram 1	1	53.916948963	55.395474038	561.231	443.077	54.1562	0.1522	54.9999	0.7391	0.8438	1.4785	480.000	544.000	512.000	64.000	19.76	C
16	Spectrogram 1	1	56.409616542	58.346316331	2548.622	1334.993	56.4687	0.0164	58.1874	0.9180	1.7188	1.9367	1376.000	2432.000	1488.000	1056.000	12.20	M
17	Spectrogram 1	1	59.168985268	62.048326547	2996.148	1441.185	59.3437	0.0549	61.7187	0.8901	2.3750	2.8793	1488.000	2944.000	1728.000	1456.000	11.96	M
18	Spectrogram 1	1	63.248052080	65.801753571	3163.022	1410.844	63.3749	0.0494	65.4999	0.8889	2.1250	2.5537	1488.000	3072.000	1744.000	1584.000	11.59	M
19	Spectrogram 1	1	66.792429714	71.082576245	3150.769	1063.385	67.1249	0.0735	70.7187	0.9191	3.5938	4.2901	1296.000	3056.000	1504.000	1760.000	12.59	M2
20	Spectrogram 1	1	72.003624653	74.403198136	3209.846	1368.615	72.1562	0.0533	74.1562	0.9067	2.0000	2.3996	1488.000	3168.000	3008.000	1680.000	13.95	M
21	Spectrogram 1	1	75.251532196	79.081154524	3209.846	1211.077	75.4999	0.0579	78.6874	0.9008	3.1875	3.8296	1392.000	3152.000	3008.000	1760.000	12.62	M2
22	Spectrogram 1	1	79.884469270	83.277805510	3081.846	1260.308	80.0937	0.0561	82.9999	0.9252	2.9062	3.3933	1376.000	3024.000	1504.000	1648.000	13.69	M2
23	Spectrogram 1	1	84.247330149	88.949524653	3111.385	1280.000	84.4062	0.0333	88.5937	0.9267	4.1875	4.7022	1360.000	3072.000	1472.000	1712.000	13.13	M3
24	Spectrogram 1	1	89.872877381	92.539070141	3062.154	1289.846	90.0624	0.0706	92.2187	0.8824	2.1562	2.6662	1360.000	3040.000	1440.000	1680.000	13.82	M
25	Spectrogram 1	1	93.072308693	98.162313052	3190.154	974.769	93.5312	0.0864	97.8437	0.9383	4.3125	5.0900	1120.000	3056.000	3008.000	1936.000	13.22	M3
26	Spectrogram 1	1	99.156075808	102.525173931	3249.231	1437.538	99.2499	0.0280	102.1874	0.9065	2.9375	3.3691	1456.000	3184.000	1472.000	1728.000	13.34	M2
27	Spectrogram 1	1	103.670696382	108.006847236	3026.489	1418.430	103.8437	0.0362	107.7812	0.9493	3.9375	4.3362	1472.000	3008.000	2992.000	1536.000	13.33	M3
28	Spectrogram 1	1	109.014993808	112.065724449	3026.489	1236.385	109.1874	0.0515	111.7499	0.8969	2.5625	3.0507	1328.000	2976.000	1424.000	1648.000	14.08	M2
29	Spectrogram 1	1	113.419700407	116.676098282	1206.044	364.089	113.7187	0.0874	116.1562	0.8447	2.4375	3.2564	416.000	992.000	704.000	576.000	23.62	A
30	Spectrogram 1	1	119.269290504	120.160515186	758.519	606.815	119.6249	0.3929	120.0624	0.8929	0.4375	0.8912	656.000	720.000	704.000	64.000	27.44	B
31	Spectrogram 1	1	120.503293909	121.343101782	530.963	447.526	120.6874	0.2000	121.2499	0.9200	0.5625	0.8398	464.000	512.000	480.000	48.000	25.50	C
32	Spectrogram 1	1	122.679938805	123.245523699	781.274	599.230	122.8124	0.2353	123.1874	0.9412	0.3750	0.5656	656.000	736.000	704.000	80.000	20.07	B
33	Spectrogram 1	1	123.571163486	124.496666040	485.452	326.163	123.7812	0.2143	124.3749	0.8929	0.5938	0.9255	336.000	480.000	352.000	144.000	21.50	C
34	Spectrogram 1	1	125.473585403	126.193420722	750.933	644.741	125.5937	0.1364	125.9999	0.7273	0.4062	0.7198	688.000	720.000	704.000	32.000	30.53	B
35	Spectrogram 1	1	126.621894127	127.547396681	523.378	310.993	126.6562	0.0345	127.4062	0.8621	0.7500	0.9255	336.000	480.000	448.000	144.000	22.28	C
36	Spectrogram 1	1	129.004206257	129.878292002	470.281	250.311	129.0937	0.0741	129.7499	0.8519	0.6562	0.8741	256.000	432.000	272.000	176.000	25.03	D
37	Spectrogram 1	1	130.906628173	131.900686472	485.452	121.363	131.1874	0.2667	131.7812	0.9000	0.5938	0.9941	176.000	432.000	176.000	256.000	24.83	D
38	Spectrogram 1	1	132.946161617	134.025914597	508.207	144.119	133.0312	0.0606	133.8437	0.8485	0.8125	1.0798	160.000	448.000	176.000	288.000	20.54	D
39	Spectrogram 1	1	134.882861406	135.911197577	508.207	121.363	134.9374	0.0312	135.5937	0.6875	0.6562	1.0283	144.000	464.000	176.000	320.000	19.01	D
40	Spectrogram 1	1	137.295102530	137.295102530	2609.974	346.991	137.2812	NaN	137.2812	NaN	0.0000	0.0000	352.000	2080.000	448.000	1728.000	12.81	break
41	Spectrogram 1	1	140.744377581	141.429935028	713.007	599.230	140.9062	0.2381	141.3437	0.9048	0.4375	0.6856	608.000	688.000	656.000	80.000	26.74	B
42	Spectrogram 1	1	141.875547369	142.612521625	553.719	447.526	141.9687	0.0909	142.4999	0.8636	0.5312	0.7370	480.000	512.000	496.000	32.000	26.72	C
43	Spectrogram 1	1	144.634916095	145.080528436	804.030	637.156	144.7812	0.3077	144.9999	0.8462	0.2188	0.4456	672.000	768.000	688.000	96.000	26.00	B
44	Spectrogram 1	1	146.023169964	147.188617625	561.304	303.407	146.0937	0.0541	146.9999	0.8378	0.9062	1.1654	320.000	512.000	368.000	192.000	23.20	C
45	Spectrogram 1	1	148.251231668	151.884686139	2920.296	1198.459	148.2812	0.0000	151.4687	0.8870	3.1875	3.6335	1248.000	2864.000	1264.000	1616.000	12.48	M2
46	Spectrogram 1	1	152.655938267	156.357948483	2927.881	1046.756	152.8749	0.0593	155.3437	0.7288	2.4688	3.7020	1184.000	2752.000	1408.000	1568.000	12.76	M2
47	Spectrogram 1	1	157.146339547	160.831210827	3094.756	970.904	157.4062	0.0684	159.7812	0.7179	2.3750	3.6849	1376.000	2784.000	1408.000	1408.000	12.48	M2
48	Spectrogram 1	1	161.602462994	166.058586401	3178.193	1137.778	161.8437	0.0496	165.3437	0.8440	3.5000	4.4561	1392.000	3120.000	1424.000	1728.000	12.57	M2
49	Spectrogram 1	1	166.829838530	170.583265554	3125.096	1304.652	166.9999	0.0420	170.1562	0.8908	3.1562	3.7534	1360.000	3088.000	1392.000	1728.000	13.14	M2
50	Spectrogram 1	1	171.577323853	175.159361515	3079.585	1266.726	171.6562	0.0175	174.9062	0.9298	3.2500	3.5820	1392.000	2992.000	1840.000	1600.000	13.98	M2
51	Spectrogram 1	1	176.170558788	181.089433473	2965.807	1122.607	176.3749	0.0385	179.9374	0.7692	3.5625	4.9189	1328.000	2800.000	1392.000	1472.000	13.96	M3
52	Spectrogram 1	1	181.809268793	186.265392201	3011.319	1016.415	182.1562	0.0775	185.5937	0.8521	3.4375	4.4561	1344.000	2880.000	2032.000	1536.000	13.70	M3
53	Spectrogram 1	1	187.156616882	190.464431566	1107.437	303.407	187.5312	0.1058	190.1249	0.9038	2.5938	3.3078	320.000	928.000	464.000	608.000	22.31	A
54	Spectrogram 1	1	195.057666501	195.503278842	781.274	629.570	195.0937	0.0714	195.4374	0.8571	0.3438	0.4456	672.000	736.000	688.000	64.000	31.76	B
55	Spectrogram 1	1	195.966030119	197.714201610	584.059	310.993	196.4687	0.2909	197.6249	0.9636	1.1562	1.7482	336.000	544.000	352.000	208.000	18.63	C
56	Spectrogram 1	1	198.365481185	198.759676717	773.689	652.326	198.4062	0.0833	198.6562	0.7500	0.2500	0.3942	672.000	720.000	688.000	48.000	36.76	B
57	Spectrogram 1	1	199.342400547	200.336458846	515.793	348.919	199.4687	0.1290	200.2187	0.9032	0.7500	0.9941	368.000	480.000	432.000	112.000	25.22	C
58	Spectrogram 1	1	202.153186082	203.301494806	538.548	242.726	202.2812	0.1111	203.1562	0.8889	0.8750	1.1483	256.000	480.000	272.000	224.000	25.67	D
59	Spectrogram 1	1	204.312692041	204.621192892	735.763	629.570	204.4062	0.2500	204.5624	0.8750	0.1562	0.3085	656.000	704.000	672.000	48.000	21.64	B
60	Spectrogram 1	1	205.032527360	206.129419276	538.548	242.726	205.1562	0.0882	205.9062	0.7941	0.7500	1.0969	272.000	464.000	288.000	192.000	23.67	D
61	Spectrogram 1	1	206.997031645	207.918080053	452.923	147.692	207.1562	0.1724	207.8437	0.9310	0.6875	0.9210	176.000	352.000	208.000	176.000	27.51	D
62	Spectrogram 1	1	208.960319040	209.978319912	492.308	137.846	209.2499	0.2812	209.8437	0.8750	0.5938	1.0180	160.000	368.000	176.000	208.000	23.18	D
63	Spectrogram 1	1	210.972082668	211.893131076	492.308	137.846	211.1249	0.1429	211.7812	0.8929	0.6562	0.9210	160.000	352.000	160.000	192.000	27.06	D
64	Spectrogram 1	1	215.711373734	215.711373734	2006.512	294.188	215.7187	NaN	215.7187	NaN	0.0000	0.0000	352.000	576.000	464.000	224.000	15.61	break
65	Spectrogram 1	1	225.082987253	225.737416385	738.462	561.231	225.2499	0.2500	225.7187	1.0000	0.4688	0.6544	608.000	704.000	656.000	96.000	22.22	B
66	Spectrogram 1	1	226.125226241	227.022036533	502.154	344.615	226.2499	0.1111	226.9687	0.9630	0.7188	0.8968	384.000	480.000	448.000	96.000	23.94	C
67	Spectrogram 1	1	229.639753060	230.415372772	738.462	561.231	229.8749	0.2917	230.2812	0.8333	0.4062	0.7756	624.000	704.000	688.000	80.000	28.54	B
68	Spectrogram 1	1	230.706230164	231.530326108	531.692	452.923	230.9062	0.2400	231.4062	0.8800	0.5000	0.8241	480.000	512.000	496.000	32.000	20.00	C
69	Spectrogram 1	1	233.275470460	234.075328288	768.000	659.692	233.4062	0.1600	233.9374	0.8400	0.5312	0.7999	720.000	768.000	736.000	48.000	21.67	B
70	Spectrogram 1	1	234.538589036	235.532351792	502.154	305.231	234.6562	0.0968	235.4062	0.8710	0.7500	0.9938	320.000	448.000	336.000	128.000	27.64	C
71	Spectrogram 1	1	239.096651225	242.829321088	2983.385	1142.154	239.2499	0.0339	242.3437	0.8729	3.0938	3.7327	1312.000	2800.000	2112.000	1488.000	12.77	M2
72	Spectrogram 1	1	243.459512104	247.070991387	2983.385	1132.308	243.7499	0.0783	246.8437	0.9391	3.0938	3.6115	1312.000	2928.000	1408.000	1616.000	13.12	M2
73	Spectrogram 1	1	248.137468491	253.082044154	3042.462	1289.846	248.3124	0.0318	252.2812	0.8408	3.9688	4.9446	1344.000	2976.000	2768.000	1632.000	12.60	M3
74	Spectrogram 1	1	253.906140098	257.081333294	3072.000	1339.077	254.1249	0.0693	256.6249	0.8614	2.5000	3.1752	1440.000	2944.000	2768.000	1504.000	13.01	M2
75	Spectrogram 1	1	257.764753549	262.854757909	3052.308	1270.154	258.0624	0.0556	262.3437	0.9012	4.2812	5.0900	1376.000	2928.000	1392.000	1552.000	13.14	M3
76	Spectrogram 1	1	263.800044432	267.629666760	2993.231	1270.154	263.8749	0.0164	267.2812	0.9098	3.4062	3.8296	1328.000	2848.000	1344.000	1520.000	13.48	M2
77	Spectrogram 1	1	268.526477052	273.277147787	3012.923	1358.769	268.8437	0.0662	272.4374	0.8278	3.5938	4.7507	1440.000	2944.000	2736.000	1504.000	13.54	M2
78	Spectrogram 1	1	274.371463708	279.049420096	3022.769	1270.154	274.6249	0.0537	278.5624	0.8993	3.9375	4.6780	1424.000	2944.000	1440.000	1520.000	13.10	M3
79	Spectrogram 1	1	279.800801691	281.933755899	3042.462	1240.615	280.0312	0.1045	281.6562	0.8806	1.6250	2.1330	1360.000	2960.000	1584.000	1600.000	13.40	M
80	Spectrogram 1	1	286.807345236	287.995012920	610.462	315.077	286.9374	0.1081	287.7187	0.7838	0.7812	1.1877	336.000	480.000	352.000	144.000	26.28	D
81	Spectrogram 1	1	290.031014663	291.388349159	531.692	265.846	290.1874	0.1163	291.0312	0.7442	0.8438	1.3573	304.000	496.000	416.000	192.000	22.18	D
82	Spectrogram 1	1	291.994302059	293.181969743	482.462	128.000	292.1874	0.1622	293.0312	0.8919	0.8438	1.1877	144.000	448.000	160.000	304.000	21.06	D
83	Spectrogram 1	1	294.054541919	294.975590327	433.231	147.692	294.2499	0.2069	294.9374	0.9655	0.6875	0.9210	160.000	352.000	160.000	192.000	21.68	D
84	Spectrogram 1	1	299.092828887	299.383686279	2321.067	402.015	299.1249	0.1111	299.3749	1.0000	0.2500	0.2909	416.000	944.000	464.000	528.000	14.88	break
85	Spectrogram 1	1	303.489362505	304.168029753	718.769	590.769	303.5937	0.1429	303.9687	0.7143	0.3750	0.6787	640.000	704.000	656.000	64.000	29.42	B
86	Spectrogram 1	1	304.458887145	305.937412220	571.077	413.538	304.6562	0.1304	305.7499	0.8913	1.0938	1.4785	448.000	528.000	464.000	80.000	22.52	C
87	Spectrogram 1	1	308.652081212	309.670082084	758.154	590.769	308.8749	0.2188	309.4999	0.8438	0.6250	1.0180	624.000	704.000	656.000	80.000	27.82	B
88	Spectrogram 1	1	310.106368172	311.269797739	620.308	462.769	310.2187	0.0833	311.1562	0.9167	0.9375	1.1634	464.000	592.000	512.000	128.000	20.54	C
89	Spectrogram 1	1	313.208847019	313.960228615	748.308	630.154	313.4374	0.3043	313.9062	0.9565	0.4688	0.7514	656.000	688.000	672.000	32.000	35.25	B
90	Spectrogram 1	1	314.323800355	315.729611083	669.538	374.154	314.4687	0.0909	315.5624	0.8864	1.0938	1.4058	432.000	608.000	560.000	176.000	19.91	C
91	Spectrogram 1	1	316.290688452	318.738738168	2825.846	1260.308	316.5312	0.0909	318.3124	0.8312	1.7812	2.4480	1312.000	2752.000	1552.000	1440.000	12.77	M
92	Spectrogram 1	1	319.490119764	323.392456439	2944.000	1289.846	319.7187	0.0565	322.7812	0.8468	3.0625	3.9023	1328.000	2864.000	1344.000	1536.000	12.03	M2
93	Spectrogram 1	1	324.119599919	329.670128482	3032.615	1368.615	324.3749	0.0452	329.0937	0.8983	4.7188	5.5505	1440.000	2976.000	1472.000	1536.000	12.70	M3
94	Spectrogram 1	1	330.497392903	334.642110739	3062.154	1073.231	330.7499	0.0606	334.1562	0.8864	3.4062	4.1447	1280.000	3024.000	1280.000	1744.000	12.83	M2
95	Spectrogram 1	1	335.441968567	340.895544666	3121.231	1339.077	335.6874	0.0405	340.1562	0.8671	4.4688	5.4536	1440.000	3056.000	1456.000	1616.000	13.48	M3
96	Spectrogram 1	1	341.646926262	344.167690325	3091.692	1220.923	341.7499	0.0375	343.9374	0.9125	2.1875	2.5208	1312.000	3056.000	2928.000	1744.000	12.61	M
97	Spectrogram 1	1	345.040262476	350.275695531	3062.154	1112.615	345.4374	0.0723	349.6562	0.8855	4.2188	5.2354	1424.000	2976.000	1504.000	1552.000	12.29	M3
98	Spectrogram 1	1	351.002839011	356.044367138	3200.000	1309.538	351.1874	0.0312	355.4374	0.8812	4.2500	5.0415	1424.000	2976.000	1504.000	1552.000	12.97	M3
99	Spectrogram 1	1	356.626081922	358.977179174	3150.769	1250.462	356.8437	0.0811	358.7187	0.8919	1.8750	2.3511	1440.000	2976.000	1504.000	1536.000	12.39	M
100	Spectrogram 1	1	359.873989466	365.860804117	3150.769	1181.538	360.1562	0.0471	365.1562	0.8848	5.0000	5.9868	1392.000	2960.000	1504.000	1568.000	13.06	M4
101	Spectrogram 1	1	366.612185688	371.023522799	2973.538	1496.615	366.9062	0.0643	370.4687	0.8786	3.5625	4.4113	1664.000	2944.000	2592.000	1280.000	12.62	M3
102	Spectrogram 1	1	371.847618743	375.677241070	3042.462	1191.385	372.1562	0.0744	375.0937	0.8512	2.9375	3.8296	1216.000	2896.000	1232.000	1680.000	14.14	M2
103	Spectrogram 1	1	376.362484750	379.893105603	1084.681	280.652	376.7499	0.1071	379.7187	0.9554	2.9688	3.5306	320.000	960.000	336.000	640.000	21.12	A
104	Spectrogram 1	1	383.869338798	384.520618373	720.593	561.304	383.9062	0.0500	384.4687	0.9500	0.5625	0.6513	624.000	720.000	704.000	96.000	26.36	B
105	Spectrogram 1	1	385.326148374	386.577290715	591.644	257.896	385.4687	0.1026	386.3124	0.7949	0.8438	1.2511	288.000	544.000	400.000	256.000	19.70	D
106	Spectrogram 1	1	387.657043695	388.411156887	728.178	584.059	387.7499	0.0870	388.2812	0.8261	0.5312	0.7541	640.000	688.000	672.000	48.000	28.64	B
107	Spectrogram 1	1	388.805352419	389.696577101	477.867	288.237	388.9999	0.2143	389.5312	0.8214	0.5312	0.8912	304.000	400.000	336.000	96.000	28.11	D
108	Spectrogram 1	1	390.810607991	391.479026502	713.007	606.815	391.0624	0.3810	391.3749	0.8571	0.3125	0.6684	656.000	704.000	672.000	48.000	24.75	B
109	Spectrogram 1	1	391.873222034	392.901558205	546.133	242.726	392.0312	0.1562	392.7187	0.8438	0.6875	1.0283	272.000	464.000	336.000	192.000	25.61	D
111	Spectrogram 1	1	394.803980122	395.866594165	477.867	242.726	394.9374	0.1212	395.6249	0.7879	0.6875	1.0626	272.000	416.000	288.000	144.000	26.99	D
112	Spectrogram 1	1	396.689263102	397.888988635	485.452	121.363	396.8437	0.1081	397.7187	0.8649	0.8750	1.1997	160.000	384.000	336.000	224.000	25.47	D
113	Spectrogram 1	1	398.728796508	399.825688424	432.356	121.363	398.9374	0.1765	399.7187	0.9118	0.7812	1.0969	144.000	320.000	176.000	176.000	24.34	D
114	Spectrogram 1	1	400.854024595	401.933777574	462.696	98.607	401.0624	0.1818	401.7499	0.8485	0.6875	1.0798	128.000	400.000	144.000	272.000	21.96	D
115	Spectrogram 1	1	404.705433972	404.802386436	2412.089	227.556	404.7187	0.0000	404.7812	1.0000	0.0625	0.0970	240.000	1584.000	304.000	1344.000	15.67	break
116	Spectrogram 1	1	408.252918957	409.246977256	796.444	568.889	408.4374	0.1667	408.9687	0.7333	0.5312	0.9941	608.000	672.000	624.000	64.000	30.48	B
117	Spectrogram 1	1	409.555478107	410.943731938	682.667	424.770	409.9062	0.2500	410.8749	0.9545	0.9688	1.3883	448.000	624.000	496.000	176.000	20.81	C
118	Spectrogram 1	1	414.268685558	415.177049175	773.689	629.570	414.4687	0.2143	415.0937	0.9286	0.6250	0.9084	672.000	736.000	688.000	64.000	34.14	B
119	Spectrogram 1	1	415.605522580	417.096610028	667.496	409.600	415.8749	0.1702	416.9999	0.9362	1.1250	1.4911	432.000	592.000	448.000	160.000	21.62	C
120	Spectrogram 1	1	418.116895837	420.602041584	2836.859	1319.822	418.6562	0.2152	420.3124	0.8861	1.6562	2.4851	1376.000	2784.000	2704.000	1408.000	11.03	M
121	Spectrogram 1	1	421.527544138	425.452360524	3178.193	1274.311	421.8437	0.0800	425.0937	0.9120	3.2500	3.9248	1328.000	3040.000	1440.000	1712.000	10.91	M2
122	Spectrogram 1	1	426.326446269	430.319818400	3125.096	1365.333	426.5312	0.0472	429.9687	0.9134	3.4375	3.9934	1408.000	3040.000	1440.000	1632.000	11.72	M2
123	Spectrogram 1	1	431.142487375	435.033025889	3193.363	1372.919	431.2812	0.0323	434.7187	0.9194	3.4375	3.8905	1424.000	3056.000	1424.000	1632.000	12.09	M2
124	Spectrogram 1	1	436.369862911	438.769313977	3170.607	1509.452	436.5937	0.0921	438.5937	0.9342	2.0000	2.3995	1600.000	3088.000	2992.000	1488.000	11.75	M
125	Spectrogram 1	1	439.729094403	444.596552279	3132.681	1160.533	439.9062	0.0323	444.1249	0.9032	4.2188	4.8675	1280.000	3008.000	1296.000	1728.000	12.64	M3
126	Spectrogram 1	1	445.497777012	449.216926164	3109.926	1334.993	445.9374	0.1186	448.5937	0.8390	2.6562	3.7191	1408.000	3008.000	1424.000	1600.000	13.20	M2
127	Spectrogram 1	1	449.988178292	455.815416595	3049.244	1251.556	450.2499	0.0430	455.2499	0.9032	5.0000	5.8272	1344.000	2992.000	1440.000	1648.000	12.48	M4
128	Spectrogram 1	1	456.535251953	461.008514297	3026.489	1297.067	456.6874	0.0282	460.4687	0.8803	3.7812	4.4733	1392.000	2912.000	1440.000	1520.000	12.49	M3
129	Spectrogram 1	1	461.882600042	465.893111109	2927.881	1251.556	462.1562	0.0630	465.4374	0.8898	3.2812	4.0105	1280.000	2832.000	1296.000	1552.000	13.04	M3
130	Spectrogram 1	1	467.092836642	470.452068134	1213.630	326.163	467.4687	0.1121	470.3437	0.9720	2.8750	3.3592	352.000	896.000	384.000	544.000	21.12	A
131	Spectrogram 1	1	474.040080791	475.188389515	811.615	576.474	474.2187	0.1389	474.9999	0.8333	0.7812	1.1483	624.000	736.000	704.000	112.000	25.52	B
132	Spectrogram 1	1	475.462612494	476.542365474	621.985	470.281	475.6249	0.1471	476.4687	0.9412	0.8438	1.0798	496.000	560.000	528.000	64.000	24.77	C
133	Spectrogram 1	1	478.036349183	478.836207010	827.077	669.538	478.1249	0.0833	478.7187	0.8750	0.5938	0.7999	704.000	768.000	736.000	64.000	29.51	B
134	Spectrogram 1	1	479.153606839	480.292798291	561.231	334.769	479.4062	0.2222	480.1562	0.8889	0.7500	1.1392	384.000	512.000	400.000	128.000	25.70	C
135	Spectrogram 1	1	481.502399770	482.253781366	807.385	659.692	481.5937	0.0870	482.1562	0.8696	0.5625	0.7514	672.000	800.000	704.000	128.000	17.90	B
136	Spectrogram 1	1	482.353038151	483.274086558	561.231	295.385	482.4374	0.0714	483.0624	0.7857	0.6250	0.9210	320.000	480.000	336.000	160.000	25.26	C
137	Spectrogram 1	1	484.825325982	485.891803086	541.538	265.846	485.0624	0.2121	485.5624	0.6970	0.5000	1.0665	304.000	448.000	320.000	144.000	22.54	C
138	Spectrogram 1	1	486.618946566	487.661185554	374.154	137.846	486.8437	0.2121	487.5937	0.9394	0.7500	1.0422	160.000	336.000	320.000	176.000	24.61	D
139	Spectrogram 1	1	488.776138890	489.818377877	374.154	118.154	488.9374	0.1515	489.8124	1.0000	0.8750	1.0422	160.000	352.000	176.000	192.000	21.48	D
140	Spectrogram 1	1	490.715188169	491.660474693	364.308	108.308	490.9374	0.2333	491.5937	0.9333	0.6562	0.9453	128.000	320.000	144.000	192.000	26.62	D
141	Spectrogram 1	1	496.522222985	496.619175449	2556.207	212.385	496.5312	0.0000	496.5937	1.0000	0.0625	0.0970	224.000	1120.000	496.000	896.000	17.38	break
142	Spectrogram 1	1	531.206093258	531.908998622	664.484	485.966	531.4062	0.2727	531.8124	0.8636	0.4062	0.7029	544.000	640.000	624.000	96.000	22.77	B
143	Spectrogram 1	1	532.345284710	533.435999930	595.061	416.542	532.4062	0.0303	533.2812	0.8788	0.8750	1.0907	448.000	560.000	496.000	112.000	21.81	C
144	Spectrogram 1	1	535.342627591	536.508075251	705.422	508.207	535.7187	0.3243	536.4999	1.0000	0.7812	1.1654	512.000	688.000	672.000	176.000	21.75	B
145	Spectrogram 1	1	537.090799082	538.136274189	599.230	462.696	537.3749	0.2727	538.0624	0.9394	0.6875	1.0455	480.000	576.000	544.000	96.000	26.54	C
146	Spectrogram 1	1	540.028767481	541.943578644	2538.925	1338.886	540.1249	0.0492	541.7499	0.9016	1.6250	1.9148	1376.000	2528.000	1536.000	1152.000	11.95	M
147	Spectrogram 1	1	543.470579952	545.724724740	2796.785	1408.310	543.7812	0.1268	545.4687	0.8873	1.6875	2.2541	1472.000	2752.000	1536.000	1280.000	12.79	M
148	Spectrogram 1	1	546.815439960	550.838967215	2905.879	1378.557	546.9999	0.0394	550.3124	0.8740	3.3125	4.0235	1488.000	2848.000	1504.000	1360.000	12.17	M2
149	Spectrogram 1	1	551.497285198	554.599764045	3133.985	1071.109	551.7187	0.0707	553.9687	0.7980	2.2500	3.1025	1296.000	2912.000	1360.000	1616.000	11.82	M
150	Spectrogram 1	1	555.254193177	559.786720869	3064.562	1120.697	555.4999	0.0486	559.2187	0.8750	3.7188	4.5325	1280.000	2928.000	1776.000	1648.000	12.74	M2
151	Spectrogram 1	1	560.368435652	564.076867400	3074.479	1041.356	560.5937	0.0593	563.5624	0.8644	2.9688	3.7084	1264.000	3040.000	1312.000	1776.000	12.37	M2
152	Spectrogram 1	1	565.040126854	568.639303452	3056.830	1653.570	565.2499	0.0526	568.3124	0.9123	3.0625	3.5992	1696.000	3008.000	2880.000	1312.000	12.25	M2
153	Spectrogram 1	1	569.719056432	573.352510903	3087.170	1319.822	569.9062	0.0435	572.9374	0.8870	3.0312	3.6335	1408.000	2976.000	1424.000	1568.000	12.71	M2
154	Spectrogram 1	1	574.003790478	578.802692610	2943.052	986.074	574.2187	0.0395	578.0937	0.8553	3.8750	4.7989	1200.000	2880.000	1408.000	1680.000	13.25	M3
155	Spectrogram 1	1	579.475992834	581.851328202	3044.726	932.262	579.6249	0.0533	581.5624	0.8800	1.9375	2.3753	1008.000	2960.000	1376.000	1952.000	13.49	M
156	Spectrogram 1	1	582.723900378	589.028403007	2995.138	1209.956	583.0624	0.0500	588.0624	0.8500	5.0000	6.3045	1312.000	2896.000	1408.000	1584.000	13.05	M3
157	Spectrogram 1	1	589.958001493	593.385788730	3041.659	1509.452	590.1249	0.0459	593.0624	0.9083	2.9375	3.4278	1568.000	2944.000	2112.000	1376.000	12.77	M2
158	Spectrogram 1	1	594.215359830	597.051219402	3104.232	1100.862	594.3749	0.0556	596.7187	0.8889	2.3438	2.8359	1200.000	2976.000	1728.000	1776.000	13.06	M
