Selection	View	Channel	Begin Time (s)	End Time (s)	High Freq (Hz)	Low Freq (Hz)	Time 5% (s)	Time 5% Rel.	Time 95% (s)	Time 95% Rel.	Dur 90% (s)	Delta Time (s)	Freq 5% (Hz)	Freq 95% (Hz)	Peak Freq (Hz)	BW 90% (Hz)	SNR NIST Quick (dB)	QualName
1	Spectrogram 1	1	690.139797842	690.182645189	5348.790	799.653	690.1406	0.0000	690.1718	1.0000	0.0312	0.0428	832.000	4096.000	832.000	3264.000	14.61	break
2	Spectrogram 1	1	698.686863023	701.065228542	4424.251	789.590	698.8437	0.0658	700.7968	0.8882	1.9531	2.3784	928.000	3456.000	992.000	2528.000	14.90	WH
461	Spectrogram 1	1	701.352408018	705.373789433	4874.368	4721.246	701.8125	0.1133	705.0937	0.9336	3.2812	4.0214	4736.000	4864.000	4832.000	128.000	11.48	P
3	Spectrogram 1	1	701.531169351	703.245827410	3436.475	1168.119	701.7031	0.1009	703.1718	0.9633	1.4688	1.7147	1280.000	3200.000	1504.000	1920.000	12.75	S
4	Spectrogram 1	1	701.770910936	703.163449728	302.091	159.931	701.9062	0.0909	703.0625	0.9318	1.1562	1.3925	160.000	288.000	288.000	128.000	10.77	R
5	Spectrogram 1	1	703.673536723	705.344583272	3376.312	868.549	703.9218	0.1415	705.1406	0.8774	1.2188	1.6710	992.000	3072.000	1920.000	2080.000	14.07	SW
6	Spectrogram 1	1	705.558820010	707.615492686	424.770	197.215	705.7812	0.1069	707.5156	0.9542	1.7344	2.0567	224.000	416.000	352.000	192.000	12.95	R
462	Spectrogram 1	1	705.817868362	708.975762971	4236.361	4134.280	706.0781	0.0796	708.6093	0.8856	2.5312	3.1579	4160.000	4224.000	4224.000	64.000	13.33	P
7	Spectrogram 1	1	706.094411853	707.766222564	2933.153	1198.459	706.2031	0.0566	707.5468	0.8679	1.3438	1.6718	1312.000	2848.000	2816.000	1536.000	12.57	S
8	Spectrogram 1	1	708.151848691	708.858829924	2985.371	1204.125	708.2343	0.1136	708.7968	0.9318	0.5625	0.7070	1344.000	2912.000	2752.000	1568.000	14.74	SW
9	Spectrogram 1	1	709.200844360	710.914738257	439.941	212.385	709.4531	0.1468	710.7500	0.9083	1.2969	1.7139	224.000	384.000	256.000	160.000	15.21	R
463	Spectrogram 1	1	709.666552416	712.676420715	4159.801	4032.199	709.8750	0.0677	712.5000	0.9427	2.6250	3.0099	4064.000	4128.000	4064.000	64.000	11.30	P
10	Spectrogram 1	1	709.693588855	710.936161931	3465.163	1426.015	709.7968	0.0769	710.8125	0.9103	1.0156	1.2426	1440.000	3328.000	1472.000	1888.000	13.94	S
11	Spectrogram 1	1	711.002316664	712.480550151	1144.906	256.617	711.2031	0.1290	712.3750	0.9355	1.1719	1.4782	320.000	992.000	352.000	672.000	18.04	J
12	Spectrogram 1	1	712.221582354	713.318750051	2914.291	927.769	712.3437	0.1014	713.1875	0.8841	0.8438	1.0972	992.000	2816.000	1952.000	1824.000	13.91	SW
13	Spectrogram 1	1	713.656968493	715.220896674	394.430	197.215	713.8906	0.1414	715.1250	0.9394	1.2344	1.5639	224.000	352.000	288.000	128.000	15.64	R
14	Spectrogram 1	1	713.849781556	715.220896674	3234.152	1365.333	714.0781	0.1609	715.1406	0.9425	1.0625	1.3711	1408.000	3040.000	1472.000	1632.000	13.81	S
464	Spectrogram 1	1	714.432198257	717.774291357	4938.606	4704.549	714.5625	0.0376	717.6406	0.9624	3.0781	3.3421	4736.000	4928.000	4736.000	192.000	14.60	P
15	Spectrogram 1	1	715.209979114	716.551048157	908.029	217.137	715.3125	0.0706	716.4375	0.9176	1.1250	1.3411	288.000	736.000	416.000	448.000	17.35	J
16	Spectrogram 1	1	716.206385665	718.113092626	3822.933	1365.333	716.4218	0.1074	717.7968	0.8347	1.3750	1.9067	1440.000	3360.000	2432.000	1920.000	15.97	SW
17	Spectrogram 1	1	718.884344880	720.571199712	4224.308	1304.652	719.0312	0.0841	720.3125	0.8505	1.2812	1.6869	1344.000	4128.000	1440.000	2784.000	14.21	S
18	Spectrogram 1	1	718.959327738	720.673221635	318.578	166.874	719.1250	0.0917	720.5468	0.9266	1.4219	1.7139	192.000	288.000	192.000	96.000	11.45	R
465	Spectrogram 1	1	719.338219538	722.273262838	5476.937	5266.286	719.3906	0.0160	721.8281	0.8503	2.4375	2.9350	5280.000	5472.000	5472.000	192.000	12.70	P
19	Spectrogram 1	1	720.705357146	722.563601368	4500.665	1395.674	720.9062	0.1017	722.4062	0.9153	1.5000	1.8582	1568.000	3904.000	2112.000	2336.000	14.73	SW
20	Spectrogram 1	1	722.954842886	724.647313110	394.430	151.704	723.0781	0.0654	724.5312	0.9346	1.4531	1.6925	192.000	384.000	288.000	192.000	13.14	R
21	Spectrogram 1	1	723.147655950	724.877358079	4441.446	1122.607	723.4218	0.1545	724.7656	0.9364	1.3438	1.7297	1216.000	4032.000	1504.000	2816.000	15.15	S
466	Spectrogram 1	1	723.880038366	726.857929013	5359.909	5125.851	723.9218	0.0106	726.7187	0.9577	2.7969	2.9779	5152.000	5344.000	5280.000	192.000	13.33	P
22	Spectrogram 1	1	724.427460931	726.355591566	1006.728	236.877	724.7968	0.1885	726.1562	0.9016	1.3594	1.9281	320.000	832.000	352.000	512.000	18.15	J
23	Spectrogram 1	1	725.932733533	727.196730282	3625.719	1026.467	726.1875	0.2000	726.9843	0.8375	0.7969	1.2640	1120.000	3360.000	1888.000	2240.000	15.97	SW
24	Spectrogram 1	1	727.603780083	729.681876433	394.430	182.044	727.7500	0.0682	729.5468	0.9394	1.7969	2.0781	224.000	352.000	320.000	128.000	13.80	R
25	Spectrogram 1	1	727.839440494	729.446216022	4401.966	1228.800	728.0937	0.1569	729.4062	0.9804	1.3125	1.6068	1408.000	4224.000	2624.000	2816.000	14.39	S
467	Spectrogram 1	1	728.721788576	731.142663706	5523.749	5079.040	728.8437	0.0455	731.0625	0.9675	2.2188	2.4209	5088.000	5472.000	5376.000	384.000	13.22	P
26	Spectrogram 1	1	729.012127107	730.297547530	908.029	315.836	729.1250	0.0854	730.2031	0.9268	1.0781	1.2854	320.000	832.000	352.000	512.000	18.20	J
27	Spectrogram 1	1	730.290839261	731.576259684	3504.356	1577.719	730.4687	0.1358	731.4218	0.8889	0.9531	1.2854	1728.000	3264.000	2016.000	1536.000	15.83	SW
28	Spectrogram 1	1	731.961885811	733.954287467	485.452	197.215	732.1875	0.1102	733.8437	0.9449	1.6562	1.9924	256.000	448.000	352.000	192.000	16.93	R
29	Spectrogram 1	1	732.433206633	733.954287467	3318.810	1243.970	732.5312	0.0619	733.7343	0.8557	1.2031	1.5211	1344.000	3136.000	2880.000	1792.000	15.98	S
468	Spectrogram 1	1	733.349302099	735.513093144	5032.229	4821.577	733.3906	0.0146	735.4218	0.9635	2.0312	2.1638	4832.000	5024.000	4832.000	192.000	14.77	P
30	Spectrogram 1	1	733.825745425	734.489879310	955.733	652.326	733.8593	0.0476	734.4218	0.9048	0.5625	0.6641	672.000	896.000	864.000	224.000	20.59	J
31	Spectrogram 1	1	734.746963394	736.139502186	3807.763	1699.081	735.0625	0.2273	735.9062	0.8409	0.8438	1.3925	1792.000	3360.000	2016.000	1568.000	15.37	SW
32	Spectrogram 1	1	736.546551987	738.239022210	379.259	212.385	736.6093	0.0370	738.0625	0.8981	1.4531	1.6925	224.000	352.000	352.000	128.000	13.58	R
33	Spectrogram 1	1	736.889330766	738.239022210	2898.708	1274.311	737.0312	0.1047	738.0156	0.8372	0.9844	1.3497	1312.000	2752.000	2720.000	1440.000	16.34	S
469	Spectrogram 1	1	737.634036842	739.883522583	5289.691	4844.983	737.6875	0.0210	739.7031	0.9231	2.0156	2.2495	4864.000	5280.000	4896.000	416.000	13.46	P
35	Spectrogram 1	1	739.138816506	740.659897340	3913.956	1532.207	739.3125	0.1134	740.5000	0.8969	1.1875	1.5211	1760.000	3552.000	2720.000	1792.000	15.57	SW
36	Spectrogram 1	1	741.154242697	742.096884340	424.770	166.874	741.2031	0.0500	742.0625	0.9667	0.8594	0.9426	224.000	416.000	352.000	192.000	12.83	R
37	Spectrogram 1	1	741.454174129	742.782441899	3056.451	1228.800	741.5468	0.0595	742.6406	0.8929	1.0938	1.3283	1376.000	2976.000	1536.000	1600.000	14.07	S
470	Spectrogram 1	1	741.961618933	744.211104673	4915.200	4727.954	742.0000	0.0140	744.0625	0.9371	2.0625	2.2495	4736.000	4896.000	4736.000	160.000	14.28	P
38	Spectrogram 1	1	742.653899857	743.746507216	895.052	257.896	742.8125	0.1449	743.5312	0.8116	0.7188	1.0926	352.000	832.000	384.000	480.000	21.25	J
39	Spectrogram 1	1	743.853625585	744.517759470	2522.219	940.563	743.9687	0.1667	744.3593	0.7619	0.3906	0.6641	1024.000	2240.000	1120.000	1216.000	13.40	SS
40	Spectrogram 1	1	744.774843555	746.424466431	333.748	166.874	744.8593	0.0476	746.1093	0.8095	1.2500	1.6496	192.000	320.000	224.000	128.000	15.26	R
41	Spectrogram 1	1	744.967656618	746.103111325	3127.531	1259.141	745.2187	0.2222	746.0312	0.9444	0.8125	1.1355	1344.000	2976.000	2560.000	1632.000	14.59	S
471	Spectrogram 1	1	745.346559380	748.067365943	4376.869	4142.811	745.4218	0.0231	747.8593	0.9249	2.4375	2.7208	4160.000	4352.000	4192.000	192.000	14.32	P
42	Spectrogram 1	1	746.124534999	747.688463180	910.222	303.407	746.3593	0.1500	747.4687	0.8600	1.1094	1.5639	320.000	800.000	384.000	480.000	22.01	J
43	Spectrogram 1	1	747.002905621	748.545410129	3382.993	1744.593	747.1718	0.1031	748.3750	0.8969	1.2031	1.5425	1888.000	2976.000	2080.000	1088.000	16.43	SW
44	Spectrogram 1	1	748.968815854	750.544293650	439.941	212.385	749.0000	0.0101	750.5156	0.9899	1.5156	1.5755	224.000	384.000	256.000	160.000	13.80	R
45	Spectrogram 1	1	749.201303079	750.271614801	3003.141	1198.459	749.2343	0.0294	750.0000	0.7500	0.7656	1.0703	1248.000	2784.000	1280.000	1536.000	14.93	S
472	Spectrogram 1	1	749.545598669	751.859355431	4259.840	3978.971	749.5625	0.0068	751.7812	0.9662	2.2188	2.3138	4000.000	4224.000	4000.000	224.000	16.27	P
46	Spectrogram 1	1	749.908043001	751.786497297	986.074	303.407	750.4218	0.2689	751.4531	0.8235	1.0312	1.8785	352.000	768.000	384.000	416.000	21.10	J
47	Spectrogram 1	1	751.446175932	752.345970228	2973.393	1714.252	751.5781	0.1404	752.2343	0.8772	0.6562	0.8998	1856.000	2816.000	2144.000	960.000	17.48	SW
48	Spectrogram 1	1	752.803897302	754.453520178	394.430	182.044	752.9687	0.0952	754.2031	0.8476	1.2344	1.6496	224.000	352.000	320.000	128.000	16.11	R
49	Spectrogram 1	1	753.232370776	754.260707114	2878.751	1092.267	753.2812	0.0462	754.1406	0.8923	0.8594	1.0283	1216.000	2784.000	2560.000	1568.000	16.21	S
473	Spectrogram 1	1	753.594673002	755.844158742	4447.086	4236.434	753.6406	0.0140	755.7187	0.9441	2.0781	2.2495	4256.000	4416.000	4288.000	160.000	14.13	P
50	Spectrogram 1	1	754.560638546	755.503280190	925.393	227.556	754.6562	0.1000	755.2968	0.7833	0.6406	0.9426	352.000	736.000	352.000	384.000	20.89	J
51	Spectrogram 1	1	755.109624138	756.416468234	3079.585	1744.593	755.2968	0.1341	756.3125	0.9268	1.0156	1.3068	1952.000	2944.000	2272.000	992.000	16.62	SW
52	Spectrogram 1	1	756.874395308	758.524018184	409.600	182.044	756.9843	0.0667	758.3281	0.8857	1.3438	1.6496	224.000	352.000	256.000	128.000	15.50	R
53	Spectrogram 1	1	757.152903066	758.074121036	2985.371	1183.289	757.2968	0.1552	758.0468	0.9828	0.7500	0.9212	1312.000	2912.000	2592.000	1600.000	16.46	S
474	Spectrogram 1	1	757.515205292	759.657572664	4376.869	4119.406	757.5937	0.0365	759.4843	0.9197	1.8906	2.1424	4128.000	4352.000	4160.000	224.000	18.80	P
54	Spectrogram 1	1	758.266934099	759.595201870	758.519	273.067	758.4843	0.1548	759.3593	0.8214	0.8750	1.3283	384.000	672.000	384.000	288.000	22.95	J
55	Spectrogram 1	1	759.372935207	760.486966241	2806.519	1926.637	759.4375	0.0563	760.2187	0.7606	0.7812	1.1140	2048.000	2720.000	2240.000	672.000	18.93	SW
56	Spectrogram 1	1	760.859198619	762.765905580	439.941	121.363	761.2812	0.2213	762.3281	0.7705	1.0469	1.9067	160.000	352.000	256.000	192.000	21.84	O
57	Spectrogram 1	1	765.396956933	765.396956933	5259.939	1243.905	765.3906	NaN	765.3906	NaN	0.0000	0.0000	1312.000	4288.000	1632.000	2976.000	14.44	break
58	Spectrogram 1	1	769.579697865	770.286679097	2789.900	1168.119	769.6718	0.1136	770.2656	0.9773	0.5938	0.7070	1248.000	2720.000	2496.000	1472.000	14.72	SS
59	Spectrogram 1	1	770.982948493	772.246945242	3003.733	781.883	771.1250	0.1125	772.0781	0.8750	0.9531	1.2640	960.000	2816.000	2720.000	1856.000	14.31	SW
60	Spectrogram 1	1	773.318128928	774.882057110	3198.612	1168.119	773.5625	0.1515	774.6406	0.8485	1.0781	1.5639	1280.000	2912.000	1536.000	1632.000	15.58	S
61	Spectrogram 1	1	775.567614669	778.309844904	3792.593	870.733	775.7343	0.0575	777.9062	0.8563	2.1719	2.7422	1088.000	3424.000	1888.000	2336.000	15.00	WH
62	Spectrogram 1	1	778.984153808	780.462387295	2878.751	1092.267	779.2031	0.1489	780.2812	0.8830	1.0781	1.4782	1280.000	2752.000	2496.000	1472.000	15.54	S
63	Spectrogram 1	1	779.252486548	780.602177992	364.089	166.874	779.2968	0.0235	780.4375	0.8824	1.1406	1.3497	192.000	352.000	256.000	160.000	12.68	R
475	Spectrogram 1	1	779.838673255	782.259548385	4751.360	4517.303	779.9062	0.0260	782.0468	0.9156	2.1406	2.4209	4544.000	4736.000	4672.000	192.000	13.16	P
64	Spectrogram 1	1	781.218640633	782.932534530	3671.230	870.733	781.3437	0.0734	782.5937	0.8073	1.2500	1.7139	1024.000	3328.000	1888.000	2304.000	15.57	SW
65	Spectrogram 1	1	783.618092089	785.460528029	2967.601	1319.822	783.7500	0.0684	785.2812	0.9060	1.5312	1.8424	1376.000	2848.000	2720.000	1472.000	14.69	S
66	Spectrogram 1	1	784.089412911	785.589070071	348.919	227.556	784.2500	0.1053	785.4531	0.9158	1.2031	1.4997	256.000	320.000	320.000	64.000	13.38	R
476	Spectrogram 1	1	784.594728770	786.372893688	4915.200	4774.766	784.6250	0.0089	786.1250	0.8661	1.5000	1.7782	4800.000	4896.000	4800.000	96.000	12.62	P
67	Spectrogram 1	1	785.610493745	787.110150905	3701.570	977.354	785.9375	0.2105	786.9375	0.8842	1.0000	1.4997	992.000	3200.000	992.000	2208.000	15.83	SW
68	Spectrogram 1	1	787.703589011	789.546024951	379.259	166.874	787.8437	0.0690	789.4218	0.9397	1.5781	1.8424	224.000	352.000	320.000	128.000	15.80	R
69	Spectrogram 1	1	788.024944117	789.460330256	3323.002	1198.459	788.2812	0.1758	789.3906	0.9560	1.1094	1.4354	1408.000	3040.000	2592.000	1632.000	16.48	S
477	Spectrogram 1	1	788.665226776	791.214643948	5196.069	4891.794	788.7031	0.0123	790.9375	0.8951	2.2344	2.5494	4896.000	5184.000	5056.000	288.000	14.78	P
70	Spectrogram 1	1	789.929502387	792.136140780	4050.489	657.492	790.2812	0.1571	791.9531	0.9214	1.6719	2.2066	928.000	2944.000	2112.000	2016.000	17.06	WH
71	Spectrogram 1	1	792.671732623	795.156878774	439.941	166.874	792.8593	0.0755	795.1250	0.9874	2.2656	2.4851	224.000	384.000	352.000	160.000	15.23	R
72	Spectrogram 1	1	793.228748139	794.856947342	3003.141	1168.119	793.4531	0.1359	794.5937	0.8447	1.1406	1.6282	1312.000	2816.000	2656.000	1504.000	16.29	S
478	Spectrogram 1	1	793.828332142	796.077817882	5149.257	4985.417	793.8906	0.0211	795.3750	0.6901	1.4844	2.2495	4992.000	5120.000	5120.000	128.000	16.70	P
73	Spectrogram 1	1	795.199726121	797.213551451	3913.956	924.043	795.4531	0.1250	797.0468	0.9219	1.5938	2.0138	992.000	3296.000	992.000	2304.000	16.13	WH
74	Spectrogram 1	1	797.556330230	799.141682085	333.748	136.533	797.7968	0.1485	798.9375	0.8713	1.1406	1.5854	192.000	320.000	224.000	128.000	12.53	R
75	Spectrogram 1	1	798.027651052	799.527308212	2932.061	1259.141	798.2031	0.1158	799.4375	0.9474	1.2344	1.4997	1376.000	2848.000	2784.000	1472.000	13.05	S
479	Spectrogram 1	1	798.541540359	801.198075900	4727.954	4727.954	798.7187	0.0651	801.1250	0.9763	2.4062	2.6565	4736.000	4736.000	4736.000	0.000	14.06	P
76	Spectrogram 1	1	799.998629034	801.605404563	3079.585	773.689	800.2500	0.1569	801.3437	0.8431	1.0938	1.6068	928.000	2848.000	2080.000	1920.000	15.32	SW
77	Spectrogram 1	1	802.420578459	803.256101734	2896.521	1350.163	802.5000	0.0943	803.2031	0.9434	0.7031	0.8355	1408.000	2848.000	2592.000	1440.000	13.64	SS
78	Spectrogram 1	1	802.720509891	803.598880513	364.089	212.385	802.8593	0.1455	803.5625	0.9636	0.7031	0.8784	224.000	352.000	224.000	128.000	15.35	R
480	Spectrogram 1	1	802.762004031	805.632776309	4400.274	4306.651	802.7812	0.0055	805.3125	0.8907	2.5312	2.8708	4320.000	4384.000	4320.000	64.000	15.29	P
79	Spectrogram 1	1	803.191830713	805.077114000	1137.778	273.067	803.9062	0.3782	804.9062	0.9160	1.0000	1.8853	384.000	800.000	544.000	416.000	22.24	J
80	Spectrogram 1	1	805.141385021	806.019755643	2789.900	1061.926	805.2500	0.1091	805.9687	0.9455	0.7188	0.8784	1184.000	2688.000	2336.000	1504.000	17.10	SS
81	Spectrogram 1	1	806.341110749	807.647954846	364.089	151.704	806.5000	0.1205	807.4843	0.8795	0.9844	1.3068	160.000	352.000	224.000	192.000	11.95	R
82	Spectrogram 1	1	807.026668308	807.669378520	3234.152	1152.948	807.1406	0.1750	807.5937	0.9000	0.4531	0.6427	1216.000	3136.000	1280.000	1920.000	15.62	SS
481	Spectrogram 1	1	807.218128164	809.981782074	4447.086	4142.811	807.2968	0.0284	809.7812	0.9318	2.4844	2.7637	4160.000	4416.000	4160.000	256.000	12.99	P
83	Spectrogram 1	1	807.905038930	809.447543438	895.052	257.896	808.1875	0.1837	809.0937	0.7755	0.9062	1.5425	352.000	704.000	480.000	352.000	23.67	J
84	Spectrogram 1	1	809.354365838	810.211312787	2541.119	895.052	809.4375	0.0926	810.1718	0.9630	0.7344	0.8569	1056.000	2464.000	2368.000	1408.000	16.74	SS
85	Spectrogram 1	1	810.454456103	811.504216115	288.237	151.704	810.6718	0.1970	811.2968	0.8030	0.6250	1.0498	192.000	288.000	224.000	96.000	14.32	R
482	Spectrogram 1	1	810.690116514	814.137974775	4470.491	4213.029	811.1875	0.1416	813.8281	0.9132	2.6406	3.4479	4224.000	4448.000	4256.000	224.000	13.17	P
86	Spectrogram 1	1	811.439945094	812.039807958	3003.141	955.733	811.4687	0.0270	811.9218	0.8108	0.4531	0.5999	1088.000	2624.000	1120.000	1536.000	17.25	SS
87	Spectrogram 1	1	812.018384284	813.539465118	955.733	288.237	812.5156	0.3229	813.3281	0.8646	0.8125	1.5211	352.000	800.000	384.000	448.000	23.49	J
88	Spectrogram 1	1	813.617676908	814.367505488	2949.831	1137.778	813.7031	0.1064	814.2187	0.8085	0.5156	0.7498	1216.000	2912.000	1280.000	1696.000	15.71	SS
89	Spectrogram 1	1	814.576901420	816.205100623	364.089	197.215	814.8125	0.1442	815.7812	0.7404	0.9688	1.6282	256.000	352.000	320.000	96.000	13.86	R
90	Spectrogram 1	1	815.101244609	816.386665032	3020.911	1198.459	815.2968	0.1481	816.2500	0.9012	0.9531	1.2854	1312.000	2816.000	2656.000	1504.000	15.83	S
483	Spectrogram 1	1	815.423395198	818.229896455	4564.114	4400.274	815.5000	0.0225	818.1718	0.9831	2.6719	2.8065	4416.000	4544.000	4416.000	128.000	12.69	P
91	Spectrogram 1	1	816.172428294	817.907745865	864.711	288.237	816.5156	0.1909	817.5468	0.7909	1.0312	1.7353	384.000	704.000	384.000	320.000	25.24	J
92	Spectrogram 1	1	817.880987977	818.480850841	2647.740	864.711	817.9687	0.1351	818.4375	0.9459	0.4688	0.5999	1088.000	2560.000	2304.000	1472.000	16.05	SS
93	Spectrogram 1	1	818.840212490	820.211327608	409.600	182.044	819.0000	0.1149	820.0625	0.8966	1.0625	1.3711	224.000	384.000	384.000	160.000	13.87	R
94	Spectrogram 1	1	819.332956986	820.147056587	3127.531	1046.756	819.5937	0.3137	820.0625	0.9020	0.4688	0.8141	1056.000	2912.000	1376.000	1856.000	14.55	SS
484	Spectrogram 1	1	819.729553615	822.086157724	4400.274	4096.000	819.7656	0.0133	821.9218	0.9333	2.1562	2.3566	4096.000	4384.000	4352.000	288.000	13.16	P
95	Spectrogram 1	1	820.135807932	821.485499376	955.733	273.067	820.3593	0.1628	821.4375	0.9651	1.0781	1.3497	352.000	896.000	480.000	544.000	26.08	J
96	Spectrogram 1	1	821.501588785	822.294264713	2647.740	849.541	821.5937	0.1020	822.2031	0.8980	0.6094	0.7927	992.000	2560.000	1056.000	1568.000	17.93	SS
97	Spectrogram 1	1	823.472566817	824.436632134	337.631	195.471	823.5000	0.0167	824.4062	0.9833	0.9062	0.9641	224.000	320.000	288.000	96.000	11.76	R
98	Spectrogram 1	1	823.596268055	824.453215004	2985.371	834.370	823.7031	0.1111	824.2500	0.7593	0.5469	0.8569	992.000	2656.000	1056.000	1664.000	16.92	SS
485	Spectrogram 1	1	823.692933202	826.370892417	4938.606	4751.360	823.7031	0.0000	826.2500	0.9588	2.5469	2.6780	4768.000	4928.000	4768.000	160.000	14.46	P
99	Spectrogram 1	1	824.656203086	825.427455340	804.030	288.237	824.7968	0.1837	825.4062	0.9796	0.6094	0.7713	352.000	768.000	384.000	416.000	23.31	J
100	Spectrogram 1	1	825.469227633	827.076003161	3458.844	1592.889	825.5781	0.0594	826.7656	0.8119	1.1875	1.6068	1664.000	3232.000	2400.000	1568.000	16.18	SW
101	Spectrogram 1	1	830.736095568	831.036027000	5348.790	1172.824	830.7500	0.0000	831.0312	1.0000	0.2812	0.2999	1248.000	4448.000	1472.000	3200.000	12.82	break
102	Spectrogram 1	1	837.662496316	838.605137959	3249.878	888.503	837.7343	0.0678	838.5000	0.8983	0.7656	0.9426	960.000	2976.000	1824.000	2016.000	15.17	SW
103	Spectrogram 1	1	839.719168992	840.876047373	3249.878	1030.664	839.8437	0.0959	840.7343	0.8767	0.8906	1.1569	1088.000	3040.000	2944.000	1952.000	14.09	S
104	Spectrogram 1	1	841.342021166	843.912862012	3686.400	817.423	841.5000	0.0610	843.6718	0.9085	2.1719	2.5708	992.000	3168.000	1792.000	2176.000	14.39	WH
105	Spectrogram 1	1	845.114753503	846.162347752	2914.291	1168.119	845.3593	0.2273	846.1093	0.9545	0.7500	1.0476	1280.000	2752.000	2592.000	1472.000	17.67	S
106	Spectrogram 1	1	847.019294701	849.183085747	4020.148	941.813	847.2031	0.0803	848.8750	0.8613	1.6719	2.1638	1056.000	3488.000	2752.000	2432.000	15.15	WH
107	Spectrogram 1	1	849.804372284	850.961250665	3358.542	1259.141	850.0312	0.1918	850.9375	0.9863	0.9062	1.1569	1376.000	3232.000	1408.000	1856.000	14.75	S
108	Spectrogram 1	1	851.496842508	853.617786206	3398.163	888.503	851.8593	0.1704	853.2968	0.8519	1.4375	2.1209	992.000	2912.000	2176.000	1920.000	15.71	WH
109	Spectrogram 1	1	853.858797029	857.072348087	515.793	136.533	854.0781	0.0683	856.8750	0.9415	2.7969	3.2136	192.000	480.000	352.000	288.000	15.90	R
110	Spectrogram 1	1	854.346191112	856.531405831	3376.312	1304.652	854.5625	0.0935	856.2656	0.8777	1.7031	2.1852	1440.000	3136.000	2784.000	1696.000	15.35	S
486	Spectrogram 1	1	855.035767800	857.735150688	4751.360	4517.303	855.0937	0.0174	857.6718	0.9767	2.5781	2.6994	4544.000	4736.000	4544.000	192.000	12.85	P
111	Spectrogram 1	1	856.772416655	858.379192183	3898.785	870.733	856.9375	0.0980	858.1875	0.8824	1.2500	1.6068	960.000	3520.000	992.000	2560.000	16.37	SW
112	Spectrogram 1	1	859.168683411	860.692948945	424.770	197.215	859.5156	0.2268	860.5781	0.9278	1.0625	1.5243	256.000	384.000	320.000	128.000	15.16	R
113	Spectrogram 1	1	859.300410153	861.442777525	3340.772	1208.364	859.3750	0.0294	861.1093	0.8456	1.7344	2.1424	1344.000	3200.000	1696.000	1856.000	14.70	S
487	Spectrogram 1	1	860.177449442	862.469782529	5055.634	4868.389	860.2500	0.0274	862.1406	0.8562	1.8906	2.2923	4896.000	5024.000	4928.000	128.000	13.17	P
114	Spectrogram 1	1	861.678437936	863.820805308	3474.015	852.963	861.8593	0.0809	863.4218	0.8162	1.5625	2.1424	896.000	2976.000	928.000	2080.000	16.54	SW
115	Spectrogram 1	1	864.613481235	866.434493501	3411.852	1183.289	864.7343	0.0609	866.2656	0.9130	1.5312	1.8210	1280.000	3072.000	1568.000	1792.000	16.83	S
116	Spectrogram 1	1	864.827717972	865.963172679	409.600	166.874	864.9218	0.0833	865.9062	0.9583	0.9844	1.1355	192.000	384.000	320.000	192.000	12.20	R
488	Spectrogram 1	1	865.383402155	868.275598107	4564.114	4376.869	865.4531	0.0217	868.2343	0.9891	2.7812	2.8922	4384.000	4544.000	4448.000	160.000	18.16	P
117	Spectrogram 1	1	866.220256764	867.655642903	925.393	288.237	866.5468	0.2222	867.4218	0.8444	0.8750	1.4354	352.000	832.000	704.000	480.000	25.14	J
118	Spectrogram 1	1	867.741337598	868.491166178	2754.360	1061.926	867.8281	0.1064	868.4375	0.9362	0.6094	0.7498	1152.000	2592.000	2208.000	1440.000	15.96	SW
119	Spectrogram 1	1	869.411309802	870.953814310	3163.072	1122.607	869.5468	0.0816	870.8281	0.9184	1.2812	1.5425	1248.000	3072.000	1248.000	1824.000	16.27	S
489	Spectrogram 1	1	870.032339351	872.581756524	4517.303	3978.971	870.0625	0.0062	872.4843	0.9630	2.4219	2.5494	4032.000	4512.000	4416.000	480.000	16.42	P
120	Spectrogram 1	1	870.161138382	870.889543289	439.941	197.215	870.2812	0.1556	870.8125	0.9111	0.5312	0.7284	320.000	416.000	352.000	96.000	21.19	R
121	Spectrogram 1	1	871.168051047	872.303505754	1046.756	424.770	871.3281	0.1389	872.1093	0.8333	0.7812	1.1355	480.000	928.000	480.000	448.000	26.01	J
122	Spectrogram 1	1	872.260658407	873.139029029	2807.670	1107.437	872.3906	0.1455	873.0156	0.8727	0.6250	0.8784	1248.000	2656.000	2208.000	1408.000	16.16	SS
123	Spectrogram 1	1	873.647865062	874.311998947	257.896	166.874	873.7343	0.1220	874.0468	0.6098	0.3125	0.6641	192.000	256.000	256.000	64.000	21.08	R
490	Spectrogram 1	1	873.851389962	876.909338614	4166.217	3885.349	874.2187	0.1179	876.7968	0.9641	2.5781	3.0579	3904.000	4160.000	3968.000	256.000	13.74	P
124	Spectrogram 1	1	874.033491189	874.719048747	2718.820	1274.311	874.1406	0.1395	874.6875	0.9535	0.5469	0.6856	1376.000	2592.000	1504.000	1216.000	15.73	SS
125	Spectrogram 1	1	874.847590790	876.475789992	986.074	273.067	875.4843	0.3883	876.2968	0.8932	0.8125	1.6282	384.000	864.000	480.000	480.000	22.90	J
126	Spectrogram 1	1	876.518637340	877.439855309	2683.280	1107.437	876.5625	0.0345	877.3281	0.8793	0.7656	0.9212	1184.000	2624.000	2336.000	1440.000	16.40	SS
127	Spectrogram 1	1	877.846905110	879.539375334	455.111	136.533	877.9062	0.0280	879.3906	0.9159	1.4844	1.6925	192.000	416.000	288.000	224.000	14.80	R
128	Spectrogram 1	1	878.232531237	879.432256965	3038.681	1289.481	878.3593	0.1053	879.3750	0.9605	1.0156	1.1997	1344.000	2912.000	1536.000	1568.000	17.63	S
491	Spectrogram 1	1	878.794621851	881.258344329	4470.491	3908.754	878.8593	0.0255	880.9218	0.8662	2.0625	2.4637	3968.000	4384.000	4288.000	416.000	16.63	P
129	Spectrogram 1	1	879.517951660	880.824795757	1092.267	333.748	879.9375	0.3171	880.5781	0.8171	0.6406	1.3068	416.000	704.000	512.000	288.000	23.67	J
130	Spectrogram 1	1	880.739101062	881.746013727	2594.430	1183.289	880.7968	0.0476	881.5937	0.8571	0.7969	1.0069	1248.000	2560.000	2464.000	1312.000	16.37	SS
131	Spectrogram 1	1	882.624384349	883.716991709	3411.852	1168.119	882.7968	0.1594	883.6093	0.9130	0.8125	1.0926	1248.000	3296.000	1408.000	2048.000	14.65	SS
492	Spectrogram 1	1	883.079356595	885.414537030	4634.331	4213.029	883.1406	0.0203	885.3750	0.9865	2.2344	2.3352	4224.000	4576.000	4512.000	352.000	15.24	P
132	Spectrogram 1	1	883.759839056	885.238072542	864.711	257.896	884.2968	0.3617	885.0156	0.8511	0.7188	1.4782	384.000	608.000	448.000	224.000	24.42	J
133	Spectrogram 1	1	885.110603592	885.880782754	2754.360	1101.744	885.2343	0.1458	885.7968	0.8958	0.5625	0.7702	1280.000	2720.000	1440.000	1440.000	16.77	SS
493	Spectrogram 1	1	886.417438391	889.570729731	4119.406	3908.754	887.0781	0.2090	889.3437	0.9303	2.2656	3.1533	3936.000	4096.000	3968.000	160.000	14.43	P
134	Spectrogram 1	1	886.459221894	886.866271695	303.407	151.704	886.5781	0.2800	886.8437	0.9600	0.2656	0.4070	192.000	256.000	224.000	64.000	16.02	R
135	Spectrogram 1	1	886.737729652	887.766065991	2878.751	1061.926	886.9687	0.2154	887.7031	0.9385	0.7344	1.0283	1120.000	2816.000	1120.000	1696.000	15.70	SS
136	Spectrogram 1	1	887.680371296	889.265723151	955.733	303.407	887.8437	0.0990	889.1093	0.9010	1.2656	1.5854	352.000	832.000	448.000	480.000	24.78	J
137	Spectrogram 1	1	889.186452010	889.865586015	2825.440	758.519	889.2031	0.0233	889.7812	0.8837	0.5781	0.6791	928.000	2656.000	1504.000	1728.000	15.25	SS
138	Spectrogram 1	1	890.551143574	892.607816251	682.667	121.363	890.9218	0.1769	892.1718	0.7923	1.2500	2.0567	192.000	416.000	320.000	224.000	22.10	O
139	Spectrogram 1	1	900.838915706	901.053152444	6166.213	959.584	900.8437	0.0000	901.0468	1.0000	0.2031	0.2142	1024.000	4640.000	1568.000	3616.000	14.37	break
140	Spectrogram 1	1	910.389992661	912.125310232	3595.378	817.423	910.5937	0.1171	912.0468	0.9550	1.4531	1.7353	832.000	2848.000	2496.000	2016.000	14.38	WH
141	Spectrogram 1	1	915.210319247	916.067266196	3398.163	728.573	915.2968	0.0926	915.9531	0.8704	0.6562	0.8569	832.000	3072.000	2400.000	2240.000	13.54	SW
142	Spectrogram 1	1	916.983658355	918.552412347	2967.601	1274.311	917.1562	0.1100	918.4062	0.9100	1.2500	1.5688	1344.000	2816.000	2528.000	1472.000	12.68	S
143	Spectrogram 1	1	919.152275211	922.173013205	3398.163	621.952	919.3593	0.0674	921.8906	0.9067	2.5312	3.0207	672.000	2976.000	672.000	2304.000	14.43	WH
144	Spectrogram 1	1	923.094231175	925.043785483	2932.061	1061.926	923.2968	0.0976	924.8906	0.9268	1.5938	1.9496	1216.000	2880.000	1280.000	1664.000	17.46	S
145	Spectrogram 1	1	925.796289269	928.238588073	4323.556	1012.894	925.9687	0.0705	928.0000	0.9038	2.0312	2.4423	1056.000	3648.000	1344.000	2592.000	14.69	WH
146	Spectrogram 1	1	928.859874611	930.980818309	3411.852	1274.311	929.1093	0.1119	930.7343	0.8881	1.6250	2.1209	1376.000	3232.000	1536.000	1856.000	15.43	S
147	Spectrogram 1	1	928.902721908	930.873699890	455.111	257.896	929.5000	0.3040	930.5937	0.8640	1.0938	1.9710	288.000	384.000	352.000	96.000	16.33	R
560	Spectrogram 1	1	929.181229666	933.444540736	5192.743	4745.093	929.2656	0.0184	933.1250	0.9265	3.8594	4.2633	4768.000	5184.000	4992.000	416.000	12.17	P
148	Spectrogram 1	1	931.452139131	933.701624871	3792.593	1048.434	931.6562	0.0909	933.4375	0.8881	1.7812	2.2495	1088.000	3520.000	2240.000	2432.000	14.80	WH
149	Spectrogram 1	1	934.001556253	936.336736688	364.089	197.215	934.3125	0.1284	936.2187	0.9527	1.9062	2.3352	224.000	352.000	352.000	128.000	15.17	R
150	Spectrogram 1	1	934.579995443	936.593820772	3305.232	1152.948	934.8125	0.1094	936.3593	0.8828	1.5469	2.0138	1312.000	3040.000	1504.000	1728.000	15.00	S
561	Spectrogram 1	1	934.644266464	938.971848555	4566.033	4252.678	934.8906	0.0543	938.4375	0.8768	3.5469	4.3276	4256.000	4544.000	4256.000	288.000	12.99	P
151	Spectrogram 1	1	936.829481183	939.143237945	3216.119	924.043	937.0000	0.0680	938.7968	0.8503	1.7969	2.3138	1088.000	3008.000	2432.000	1920.000	14.37	WH
152	Spectrogram 1	1	939.743100809	941.606960422	3411.852	1001.244	940.1250	0.2034	941.4687	0.9322	1.3438	1.8639	1056.000	3264.000	1216.000	2208.000	15.39	S
153	Spectrogram 1	1	940.257268978	941.456994706	497.562	231.011	940.4375	0.1447	941.3281	0.8947	0.8906	1.1997	288.000	448.000	384.000	160.000	16.88	R
494	Spectrogram 1	1	940.387683636	943.386997957	4610.926	4470.491	940.4375	0.0157	942.9687	0.8639	2.5312	2.9993	4480.000	4608.000	4480.000	128.000	18.11	P
154	Spectrogram 1	1	941.478418380	942.699567782	986.074	348.919	941.6562	0.1429	942.4843	0.8312	0.8281	1.2211	448.000	864.000	640.000	416.000	22.20	J
155	Spectrogram 1	1	942.742415129	943.706480446	2789.900	1077.096	942.9062	0.1639	943.6093	0.9016	0.7031	0.9641	1216.000	2656.000	2368.000	1440.000	15.67	SS
156	Spectrogram 1	1	944.841935153	946.684371093	3234.152	1168.119	945.0625	0.1197	946.3750	0.8376	1.3125	1.8424	1216.000	3072.000	2496.000	1856.000	17.66	S
157	Spectrogram 1	1	945.313255975	946.555829051	394.430	227.556	945.4843	0.1282	946.3593	0.8462	0.8750	1.2426	256.000	352.000	320.000	96.000	16.31	R
495	Spectrogram 1	1	945.572212676	948.014511480	4447.086	4259.840	945.5781	0.0000	947.8593	0.9419	2.2812	2.4423	4288.000	4416.000	4288.000	128.000	16.21	P
158	Spectrogram 1	1	946.448710682	947.948367842	1122.607	348.919	946.5625	0.0737	947.4843	0.6947	0.9219	1.4997	448.000	960.000	480.000	512.000	20.83	J
159	Spectrogram 1	1	947.814475337	948.478609222	2576.659	986.074	947.8750	0.0732	948.3750	0.8537	0.5000	0.6641	1184.000	2496.000	2176.000	1312.000	16.14	SS
160	Spectrogram 1	1	949.233788265	950.497785015	3038.681	1137.778	949.3906	0.1250	950.4375	0.9625	1.0469	1.2640	1248.000	2976.000	1504.000	1728.000	17.75	S
161	Spectrogram 1	1	949.255211939	950.604903383	424.770	227.556	949.5312	0.2000	950.5468	0.9647	1.0156	1.3497	288.000	384.000	352.000	96.000	16.28	R
496	Spectrogram 1	1	949.664134356	952.363517244	4166.217	3698.103	949.7500	0.0291	952.1093	0.9070	2.3594	2.6994	3712.000	4160.000	4160.000	448.000	18.40	P
162	Spectrogram 1	1	950.733445425	952.040289522	970.904	394.430	950.9375	0.1566	951.7968	0.8193	0.8594	1.3068	448.000	896.000	480.000	448.000	25.01	J
163	Spectrogram 1	1	952.125984167	952.811541726	2647.740	925.393	952.1875	0.0714	952.6718	0.8095	0.4844	0.6856	1088.000	2496.000	2112.000	1408.000	17.66	SS
164	Spectrogram 1	1	953.454251937	955.168145835	485.452	166.874	953.4843	0.0093	955.0468	0.9352	1.5625	1.7139	224.000	416.000	256.000	192.000	16.77	R
165	Spectrogram 1	1	953.775607043	954.739672360	2949.831	1274.311	953.9218	0.1475	954.6250	0.8852	0.7031	0.9641	1344.000	2848.000	1376.000	1504.000	17.62	S
497	Spectrogram 1	1	954.034563744	956.733946632	4891.794	4423.680	954.0937	0.0175	956.6562	0.9766	2.5625	2.6994	4448.000	4864.000	4544.000	416.000	16.43	P
166	Spectrogram 1	1	954.996756445	956.260753194	1122.607	333.748	955.2812	0.2250	956.0625	0.8500	0.7812	1.2640	384.000	832.000	416.000	448.000	23.09	J
167	Spectrogram 1	1	956.260753194	957.004683474	3109.761	955.733	956.3281	0.0851	956.8750	0.8298	0.5469	0.7439	1024.000	2912.000	2016.000	1888.000	17.20	SW
168	Spectrogram 1	1	957.760410354	959.024407104	3216.382	1228.800	957.9218	0.1250	958.9375	0.9375	1.0156	1.2640	1312.000	2976.000	1408.000	1664.000	17.15	S
169	Spectrogram 1	1	957.974647091	959.002983430	470.281	242.726	958.1093	0.1231	958.9062	0.9077	0.7969	1.0283	288.000	416.000	352.000	128.000	15.11	R
498	Spectrogram 1	1	958.276451140	961.018681376	4540.709	4236.434	958.3906	0.0400	960.8750	0.9486	2.4844	2.7422	4256.000	4512.000	4256.000	256.000	13.55	P
170	Spectrogram 1	1	959.002983430	960.652606306	955.733	333.748	959.2968	0.1731	960.5000	0.9135	1.2031	1.6496	384.000	832.000	448.000	448.000	23.79	J
171	Spectrogram 1	1	960.818097396	961.338163865	2754.360	1092.267	960.8906	0.1250	961.2187	0.7812	0.3281	0.5201	1216.000	2624.000	2304.000	1408.000	17.14	SS
172	Spectrogram 1	1	961.788061013	963.266294500	409.600	197.215	961.9218	0.0851	963.1875	0.9468	1.2656	1.4782	256.000	384.000	384.000	128.000	14.26	R
173	Spectrogram 1	1	962.173687140	963.223447152	3038.681	1259.141	962.2500	0.0606	963.1406	0.9242	0.8906	1.0498	1312.000	2880.000	1504.000	1568.000	17.19	S
499	Spectrogram 1	1	962.604033231	965.260568771	4353.463	4072.594	962.6562	0.0178	965.0937	0.9408	2.4375	2.6565	4096.000	4352.000	4160.000	256.000	15.07	P
174	Spectrogram 1	1	963.544802258	964.915917376	834.370	348.919	963.7812	0.1724	964.8281	0.9425	1.0469	1.3711	416.000	672.000	448.000	256.000	28.61	J
175	Spectrogram 1	1	964.995713771	965.681271330	2612.200	1077.096	965.0937	0.1395	965.6250	0.9302	0.5312	0.6856	1216.000	2528.000	2464.000	1312.000	15.67	SS
176	Spectrogram 1	1	966.115643104	967.143979442	515.793	212.385	966.3125	0.1846	967.0468	0.9077	0.7344	1.0283	288.000	512.000	352.000	224.000	19.20	R
177	Spectrogram 1	1	966.693534407	967.379639853	2772.130	970.904	966.7968	0.1395	967.3593	0.9767	0.5625	0.6861	1024.000	2656.000	1344.000	1632.000	15.10	SS
500	Spectrogram 1	1	966.974462669	969.309643104	3908.754	3417.234	967.0625	0.0338	969.2187	0.9662	2.1562	2.3352	3424.000	3872.000	3520.000	448.000	15.16	P
178	Spectrogram 1	1	967.422487201	968.900720687	819.200	333.748	967.6406	0.1398	968.6406	0.8280	1.0000	1.4782	384.000	672.000	416.000	288.000	27.66	J
179	Spectrogram 1	1	968.879297013	969.757119748	2398.959	986.074	969.0000	0.1273	969.6875	0.9273	0.6875	0.8778	1216.000	2240.000	2048.000	1024.000	16.42	SS
180	Spectrogram 1	1	970.207564784	971.685798270	455.111	197.215	970.4531	0.1613	971.5312	0.9032	1.0781	1.4782	256.000	416.000	288.000	160.000	18.43	R
181	Spectrogram 1	1	970.700309279	971.771492965	2754.360	1077.096	970.7656	0.0588	971.6250	0.8676	0.8594	1.0712	1152.000	2688.000	1184.000	1536.000	16.66	S
501	Spectrogram 1	1	971.023537001	973.572954174	3885.349	3323.611	971.1093	0.0309	973.5000	0.9753	2.3906	2.5494	3328.000	3840.000	3456.000	512.000	15.84	P
182	Spectrogram 1	1	971.621527249	973.313997473	819.200	303.407	971.8906	0.1574	972.9375	0.7778	1.0469	1.6925	416.000	736.000	512.000	320.000	24.96	J
183	Spectrogram 1	1	973.184907543	973.786919865	2576.659	743.348	973.2500	0.1053	973.6718	0.8158	0.4219	0.6020	992.000	2432.000	2176.000	1440.000	13.89	SS
184	Spectrogram 1	1	974.065427623	976.400608058	470.281	106.193	975.0937	0.4392	976.1718	0.9054	1.0781	2.3352	192.000	352.000	288.000	160.000	24.43	O
185	Spectrogram 1	1	986.679212419	986.679212419	6788.165	1848.087	986.6718	NaN	986.6718	NaN	0.0000	0.0000	1920.000	5728.000	2432.000	3808.000	14.03	break
186	Spectrogram 1	1	996.274804680	997.217446323	3038.681	1183.289	996.4062	0.1356	997.1406	0.9322	0.7344	0.9426	1344.000	2976.000	2944.000	1632.000	13.58	S
187	Spectrogram 1	1	997.645919797	1000.109642275	3883.615	781.883	997.8750	0.0892	999.9218	0.9236	2.0469	2.4637	832.000	3584.000	2176.000	2752.000	13.86	WH
188	Spectrogram 1	1	1001.330791677	1003.108956595	2806.519	1226.134	1001.5781	0.1339	1002.8906	0.8839	1.3125	1.7782	1664.000	2720.000	2464.000	1056.000	15.94	S
189	Spectrogram 1	1	1003.687395786	1005.829763157	3716.741	764.113	1003.8593	0.0803	1005.4531	0.8248	1.5938	2.1424	864.000	3392.000	2080.000	2528.000	15.51	WH
190	Spectrogram 1	1	1006.772404801	1007.950706855	3020.911	1304.652	1006.8750	0.0811	1007.8906	0.9595	1.0156	1.1783	1408.000	2912.000	2784.000	1504.000	15.18	S
191	Spectrogram 1	1	1006.954506027	1008.089960734	439.941	182.044	1007.0312	0.0563	1008.0000	0.9296	0.9688	1.1355	192.000	384.000	288.000	192.000	13.83	R
562	Spectrogram 1	1	1007.087862235	1010.001481860	4207.913	3939.322	1007.1718	0.0269	1009.5937	0.8602	2.4219	2.9136	3968.000	4192.000	4096.000	224.000	17.96	P
192	Spectrogram 1	1	1008.754094620	1010.403717496	3246.459	817.423	1009.0312	0.1635	1010.2187	0.8942	1.1875	1.6496	864.000	3008.000	992.000	2144.000	15.86	SW
503	Spectrogram 1	1	1010.943049158	1014.642136538	4564.114	4353.463	1011.3437	0.1059	1014.2343	0.8898	2.8906	3.6991	4384.000	4544.000	4416.000	160.000	14.11	P
193	Spectrogram 1	1	1010.982156686	1012.503237520	424.770	212.385	1010.9843	0.0000	1012.2500	0.8351	1.2656	1.5211	256.000	384.000	288.000	128.000	12.07	R
194	Spectrogram 1	1	1011.132122402	1012.631779562	2754.360	1259.141	1011.2656	0.0842	1012.4687	0.8947	1.2031	1.4997	1344.000	2720.000	2688.000	1376.000	16.42	S
195	Spectrogram 1	1	1013.424455490	1015.459704493	2943.052	835.193	1013.5156	0.0388	1015.0937	0.8217	1.5781	2.0352	864.000	2816.000	896.000	1952.000	16.21	WH
196	Spectrogram 1	1	1015.845330620	1017.473529823	394.430	166.874	1015.8906	0.0194	1017.4218	0.9709	1.5312	1.6282	192.000	384.000	288.000	192.000	13.25	R
197	Spectrogram 1	1	1016.222372229	1017.893418779	2825.440	1152.948	1016.3906	0.0943	1017.6250	0.8396	1.2344	1.6710	1344.000	2752.000	2464.000	1408.000	16.48	S
502	Spectrogram 1	1	1016.634538194	1019.398192103	4236.434	4096.000	1016.6718	0.0114	1018.7031	0.7500	2.0312	2.7637	4096.000	4224.000	4096.000	128.000	13.31	P
198	Spectrogram 1	1	1018.651831646	1020.151488806	2973.393	852.963	1018.7812	0.0842	1019.9531	0.8737	1.1719	1.4997	896.000	2720.000	896.000	1824.000	14.63	WH
199	Spectrogram 1	1	1020.344301870	1021.865382704	485.452	197.215	1020.5937	0.1562	1021.7812	0.9479	1.1875	1.5211	256.000	448.000	384.000	192.000	14.71	R
200	Spectrogram 1	1	1020.644233302	1021.985340459	3003.141	1016.415	1020.8437	0.1412	1021.8750	0.9176	1.0312	1.3411	1184.000	2880.000	1440.000	1696.000	16.64	S
504	Spectrogram 1	1	1021.219204369	1023.682926847	4142.811	3932.160	1021.3281	0.0385	1023.6093	0.9744	2.2812	2.4637	3936.000	4128.000	4128.000	192.000	14.81	P
201	Spectrogram 1	1	1022.165314136	1023.193650474	1107.437	364.089	1022.3437	0.1692	1023.0937	0.9077	0.7500	1.0283	448.000	896.000	608.000	448.000	21.08	J
202	Spectrogram 1	1	1023.472158233	1024.050597423	2345.649	955.733	1023.5468	0.1111	1023.9687	0.8611	0.4219	0.5784	1024.000	2336.000	2336.000	1312.000	16.61	SS
203	Spectrogram 1	1	1024.329105181	1025.121781109	364.089	166.874	1024.4687	0.1633	1024.9687	0.8163	0.5000	0.7927	224.000	320.000	288.000	96.000	14.22	R
505	Spectrogram 1	1	1024.591530886	1027.817695874	4025.783	3744.914	1024.8437	0.0777	1027.7500	0.9806	2.9062	3.2262	3776.000	4000.000	3776.000	224.000	13.72	P
204	Spectrogram 1	1	1024.757578656	1025.764491320	2825.440	1289.481	1024.8437	0.0794	1025.6875	0.9365	0.8438	1.0069	1344.000	2784.000	2656.000	1440.000	15.95	S
205	Spectrogram 1	1	1025.635949278	1027.564079912	970.904	333.748	1025.8750	0.1220	1027.2500	0.8374	1.3750	1.9281	416.000	864.000	480.000	448.000	18.91	J
206	Spectrogram 1	1	1027.499808891	1028.099671755	2576.659	1137.778	1027.5468	0.0789	1028.0625	0.9474	0.5156	0.5999	1216.000	2528.000	2368.000	1312.000	15.64	SS
207	Spectrogram 1	1	1029.213702789	1029.877836674	3003.141	1243.970	1029.3125	0.1429	1029.8281	0.9286	0.5156	0.6641	1408.000	2912.000	1568.000	1504.000	14.66	S
208	Spectrogram 1	1	1029.299397484	1030.049226064	470.281	257.896	1029.3906	0.1064	1029.9687	0.8936	0.5781	0.7498	288.000	416.000	352.000	128.000	13.17	R
506	Spectrogram 1	1	1029.531589721	1031.973888525	4049.189	3815.131	1029.5781	0.0129	1031.9375	0.9871	2.3594	2.4423	3840.000	4032.000	3936.000	192.000	14.40	P
209	Spectrogram 1	1	1030.027802390	1031.805967308	955.733	257.896	1030.2187	0.1062	1031.5468	0.8584	1.3281	1.7782	384.000	832.000	480.000	448.000	19.94	J
210	Spectrogram 1	1	1031.356070160	1032.225856445	2754.360	1304.652	1031.4218	0.0727	1032.2187	1.0000	0.7969	0.8698	1504.000	2688.000	2272.000	1184.000	14.08	SS
211	Spectrogram 1	1	1032.855727321	1034.398231828	455.111	166.874	1032.9843	0.0816	1034.2500	0.9082	1.2656	1.5425	224.000	448.000	352.000	224.000	14.78	R
212	Spectrogram 1	1	1033.369895490	1034.483926523	2736.590	1198.459	1033.5156	0.1286	1034.2656	0.8143	0.7500	1.1140	1216.000	2688.000	1248.000	1472.000	16.50	S
507	Spectrogram 1	1	1033.987713854	1036.065810205	4002.377	3815.131	1034.0468	0.0227	1036.0000	0.9697	1.9531	2.0781	3840.000	4000.000	3840.000	160.000	14.27	P
213	Spectrogram 1	1	1034.312537133	1035.876465315	940.563	318.578	1034.6406	0.2020	1035.6406	0.8485	1.0000	1.5639	416.000	800.000	448.000	384.000	18.89	J
214	Spectrogram 1	1	1035.653644240	1036.476328179	2949.831	1137.284	1035.7187	0.0769	1036.4062	0.9231	0.6875	0.8227	1312.000	2880.000	1472.000	1568.000	14.85	SS
215	Spectrogram 1	1	1036.990496298	1038.211645699	439.941	212.385	1037.1562	0.1299	1038.0625	0.8831	0.9062	1.2211	256.000	416.000	288.000	160.000	15.94	R
216	Spectrogram 1	1	1037.633206509	1038.288756107	2967.601	1137.778	1037.7343	0.1463	1038.1718	0.8293	0.4375	0.6555	1184.000	2784.000	1312.000	1600.000	16.54	SS
508	Spectrogram 1	1	1037.715433081	1040.050613516	4072.594	3651.291	1037.7500	0.0134	1039.9843	0.9732	2.2344	2.3352	3680.000	4064.000	3808.000	384.000	14.54	P
217	Spectrogram 1	1	1038.404458763	1039.604184491	895.052	303.407	1038.9062	0.4211	1039.5156	0.9342	0.6094	1.1997	384.000	640.000	416.000	256.000	19.96	J
218	Spectrogram 1	1	1039.659871225	1040.503978787	2896.521	1048.434	1039.7343	0.0755	1040.4062	0.8868	0.6719	0.8441	1184.000	2848.000	2208.000	1664.000	15.25	SS
219	Spectrogram 1	1	1040.932452261	1042.003635947	424.770	197.215	1041.0468	0.1029	1041.7812	0.7941	0.7344	1.0712	256.000	384.000	352.000	128.000	16.11	R
509	Spectrogram 1	1	1041.328770471	1044.206806217	3885.349	3674.697	1041.6562	0.1093	1044.1406	0.9781	2.4844	2.8780	3680.000	3872.000	3808.000	192.000	16.63	P
220	Spectrogram 1	1	1041.553738799	1042.453533095	2878.751	1152.948	1041.7031	0.1579	1042.3437	0.8772	0.6406	0.8998	1216.000	2688.000	1280.000	1472.000	17.44	SS
221	Spectrogram 1	1	1042.389262074	1044.066663479	849.541	333.748	1042.6875	0.1776	1043.8437	0.8692	1.1562	1.6774	416.000	800.000	448.000	384.000	22.81	J
222	Spectrogram 1	1	1043.674682497	1044.703018836	2789.900	1152.948	1043.7812	0.0938	1044.6562	0.9688	0.8750	1.0283	1344.000	2720.000	2688.000	1376.000	13.37	SS
223	Spectrogram 1	1	1045.116423491	1046.551809630	485.452	230.761	1045.2812	0.1099	1046.4218	0.9121	1.1406	1.4354	288.000	480.000	320.000	192.000	16.96	R
224	Spectrogram 1	1	1045.581389458	1046.524031102	2665.510	1183.289	1045.7031	0.1186	1046.4218	0.8983	0.7188	0.9426	1216.000	2592.000	2560.000	1376.000	15.47	SS
510	Spectrogram 1	1	1046.006394809	1048.255880550	3768.320	3604.480	1046.0781	0.0280	1048.2187	0.9860	2.1406	2.2495	3616.000	3744.000	3648.000	128.000	14.36	P
225	Spectrogram 1	1	1046.374065386	1047.987195769	1016.415	288.451	1046.7343	0.2233	1047.7187	0.8350	0.9844	1.6131	416.000	736.000	448.000	320.000	20.64	J
226	Spectrogram 1	1	1047.629477797	1048.773516842	2860.980	1119.514	1047.7500	0.0972	1048.6718	0.9167	0.9219	1.1440	1248.000	2816.000	2592.000	1568.000	14.78	SS
227	Spectrogram 1	1	1049.159142969	1050.958731561	470.281	153.840	1049.3906	0.1228	1050.7500	0.8860	1.3594	1.7996	224.000	448.000	320.000	224.000	15.76	R
228	Spectrogram 1	1	1049.994666244	1051.001578908	2754.360	1137.778	1050.0781	0.0781	1050.8750	0.8750	0.7969	1.0069	1248.000	2656.000	1408.000	1408.000	15.78	SS
511	Spectrogram 1	1	1050.141163786	1052.733428306	3955.566	3651.291	1050.1718	0.0061	1052.6093	0.9573	2.4375	2.5923	3680.000	3936.000	3776.000	256.000	14.11	P
229	Spectrogram 1	1	1051.065849930	1052.593285618	834.370	348.919	1051.3437	0.1771	1052.2656	0.7917	0.9219	1.5274	384.000	672.000	448.000	288.000	22.61	J
230	Spectrogram 1	1	1051.892788867	1052.822591174	2523.349	819.200	1051.9375	0.0345	1052.7812	0.9655	0.8438	0.9298	864.000	2400.000	1024.000	1536.000	12.81	SS
231	Spectrogram 1	1	1052.764675008	1054.307179516	711.512	153.840	1053.0000	0.1531	1054.2031	0.9388	1.2031	1.5425	256.000	608.000	288.000	352.000	17.56	R
512	Spectrogram 1	1	1053.300266851	1057.018163049	3744.914	3557.669	1053.6250	0.0844	1056.9687	0.9873	3.3438	3.7179	3584.000	3744.000	3616.000	160.000	13.28	P
232	Spectrogram 1	1	1054.395619320	1055.273989942	2736.590	1092.267	1054.5312	0.1455	1055.1406	0.8545	0.6094	0.8784	1216.000	2656.000	1344.000	1440.000	14.39	SS
233	Spectrogram 1	1	1055.102600552	1056.770901993	970.904	326.911	1055.4687	0.2170	1056.4218	0.7925	0.9531	1.6683	416.000	800.000	448.000	384.000	19.44	J
234	Spectrogram 1	1	1056.777386474	1057.373509966	2363.419	864.711	1056.8437	0.1081	1057.2656	0.8378	0.4219	0.5961	992.000	2240.000	2048.000	1248.000	13.71	SS
235	Spectrogram 1	1	1068.890142580	1068.932989927	6308.373	550.872	1068.8906	0.0000	1068.9218	1.0000	0.0312	0.0428	608.000	4256.000	608.000	3648.000	15.91	break
236	Spectrogram 1	1	1081.258530446	1082.286866785	2881.085	1284.339	1081.3437	0.0769	1082.1875	0.9077	0.8438	1.0283	1344.000	2624.000	2464.000	1280.000	12.21	S
237	Spectrogram 1	1	1083.486592513	1084.921978652	3251.922	870.733	1083.6250	0.0879	1084.7343	0.8681	1.1094	1.4354	1024.000	3072.000	2688.000	2048.000	13.24	SW
238	Spectrogram 1	1	1085.928891317	1087.171464392	2933.153	1093.424	1086.0781	0.1154	1087.0937	0.9487	1.0156	1.2426	1184.000	2816.000	2656.000	1632.000	14.62	S
239	Spectrogram 1	1	1087.586418973	1089.750210018	3500.703	746.343	1087.8906	0.1377	1089.5468	0.9058	1.6562	2.1638	896.000	3232.000	1632.000	2336.000	13.68	WH
240	Spectrogram 1	1	1090.492133818	1092.013214652	3488.542	1336.407	1090.6093	0.0729	1091.8906	0.9271	1.2812	1.5211	1408.000	3328.000	2816.000	1920.000	17.03	S
241	Spectrogram 1	1	1092.642405970	1094.377723541	3482.933	781.883	1092.7656	0.0636	1094.1562	0.8727	1.3906	1.7353	992.000	3104.000	2528.000	2112.000	14.95	WH
242	Spectrogram 1	1	1095.170399469	1097.119953777	3234.152	1243.905	1095.3125	0.0726	1096.9843	0.9355	1.6719	1.9496	1472.000	3200.000	2400.000	1728.000	13.57	S
243	Spectrogram 1	1	1097.746590727	1099.760416057	3571.783	888.503	1097.9218	0.0859	1099.4687	0.8594	1.5469	2.0138	1024.000	3232.000	2592.000	2208.000	14.43	WH
244	Spectrogram 1	1	1100.296007899	1102.245562208	3003.141	852.963	1100.5468	0.1290	1102.1250	0.9435	1.5781	1.9496	1024.000	2816.000	2496.000	1792.000	14.32	S
245	Spectrogram 1	1	1100.424549232	1102.266985172	426.482	266.551	1100.5781	0.0769	1102.0468	0.8803	1.4688	1.8424	288.000	416.000	320.000	128.000	12.32	R
513	Spectrogram 1	1	1100.784033351	1103.697652977	4470.491	4330.057	1100.8750	0.0270	1103.6093	0.9730	2.7344	2.9136	4352.000	4448.000	4352.000	96.000	12.55	P
246	Spectrogram 1	1	1102.931119767	1104.623589990	3536.243	764.113	1103.1093	0.1028	1104.4843	0.9252	1.3750	1.6925	800.000	3296.000	2720.000	2496.000	13.74	SW
247	Spectrogram 1	1	1105.609078981	1107.280125531	2754.360	1172.824	1105.8906	0.1698	1107.1250	0.9151	1.2344	1.6710	1312.000	2592.000	2432.000	1280.000	15.65	S
248	Spectrogram 1	1	1105.694772967	1107.130159106	390.941	177.701	1105.8437	0.0989	1107.0781	0.9670	1.2344	1.4354	192.000	384.000	320.000	192.000	12.20	R
514	Spectrogram 1	1	1106.461306886	1107.853845678	4447.086	4189.623	1106.5156	0.0341	1107.7812	0.9545	1.2656	1.3925	4192.000	4416.000	4416.000	224.000	11.56	P
249	Spectrogram 1	1	1107.425267350	1108.217943278	3234.152	1208.364	1107.4531	0.0204	1108.1562	0.9388	0.7031	0.7927	1312.000	3104.000	2496.000	1792.000	12.05	SW
250	Spectrogram 1	1	1108.650165594	1110.235517449	355.401	213.241	1108.6875	0.0198	1110.0156	0.8614	1.3281	1.5854	224.000	352.000	320.000	128.000	14.00	R
251	Spectrogram 1	1	1108.796382468	1110.510276365	2932.061	1208.364	1109.0937	0.1743	1110.3125	0.8899	1.2188	1.7139	1536.000	2784.000	2528.000	1248.000	16.25	S
515	Spectrogram 1	1	1109.396350185	1111.817225315	4025.783	3861.943	1109.4687	0.0260	1111.7343	0.9675	2.2656	2.4209	3872.000	4000.000	4000.000	128.000	16.76	P
252	Spectrogram 1	1	1111.645731072	1112.267017610	2576.659	1048.434	1111.7343	0.1282	1112.1562	0.8205	0.4219	0.6213	1184.000	2560.000	2528.000	1376.000	16.73	SS
253	Spectrogram 1	1	1113.209659254	1115.159213562	3038.681	1048.434	1113.5468	0.1694	1114.8906	0.8629	1.3438	1.9496	1216.000	2816.000	2304.000	1600.000	15.66	S
254	Spectrogram 1	1	1113.488167012	1114.837858456	390.941	231.011	1113.6406	0.1059	1114.7187	0.9176	1.0781	1.3497	256.000	352.000	320.000	96.000	13.78	R
516	Spectrogram 1	1	1114.195253048	1116.594704504	4259.840	4049.189	1114.3437	0.0588	1116.4062	0.9216	2.0625	2.3995	4064.000	4256.000	4224.000	192.000	13.03	P
255	Spectrogram 1	1	1116.101855205	1117.280157260	2949.831	746.343	1116.1562	0.0405	1117.0625	0.8243	0.9062	1.1783	896.000	2752.000	2080.000	1856.000	14.88	SW
256	Spectrogram 1	1	1117.896618482	1119.653359727	3109.761	1190.594	1118.0156	0.0631	1119.4687	0.9009	1.4531	1.7567	1312.000	3008.000	2464.000	1696.000	14.88	S
257	Spectrogram 1	1	1117.939465829	1119.353428295	390.941	213.241	1118.0937	0.1011	1119.2500	0.9326	1.1562	1.4140	224.000	384.000	320.000	160.000	11.91	R
517	Spectrogram 1	1	1118.629953507	1120.965133942	4166.217	3768.320	1118.7187	0.0338	1120.7812	0.9257	2.0625	2.3352	3776.000	4128.000	3872.000	352.000	15.41	P
258	Spectrogram 1	1	1119.610512379	1120.488883002	924.043	302.091	1119.6718	0.0545	1120.3281	0.8182	0.6562	0.8784	384.000	768.000	448.000	384.000	17.14	J
259	Spectrogram 1	1	1120.745967086	1121.260135255	2843.210	1350.525	1120.7812	0.0625	1121.1875	0.8750	0.4062	0.5142	1440.000	2752.000	2720.000	1312.000	13.98	SS
260	Spectrogram 1	1	1122.052811183	1123.273960585	2985.371	1368.295	1122.2031	0.1169	1123.2343	0.9740	1.0312	1.2211	1472.000	2976.000	2976.000	1504.000	15.06	S
518	Spectrogram 1	1	1122.593333145	1125.442681749	4096.000	3510.857	1122.7968	0.0714	1125.3906	0.9835	2.5938	2.8493	3552.000	4096.000	4000.000	544.000	12.74	P
261	Spectrogram 1	1	1122.909758132	1124.109483860	710.803	355.401	1123.2968	0.3158	1124.0937	0.9868	0.7969	1.1997	448.000	704.000	704.000	256.000	18.64	R
262	Spectrogram 1	1	1123.595315691	1125.009278156	977.354	337.631	1123.7343	0.0899	1124.7812	0.8427	1.0469	1.4140	384.000	832.000	384.000	448.000	20.40	J
263	Spectrogram 1	1	1125.266362240	1125.844801431	2558.889	1190.594	1125.3281	0.0833	1125.7812	0.8889	0.4531	0.5784	1344.000	2528.000	2272.000	1184.000	16.68	SS
264	Spectrogram 1	1	1126.875812266	1127.689911867	693.033	319.861	1127.0468	0.1961	1127.6093	0.9020	0.5625	0.8141	352.000	640.000	480.000	288.000	17.64	R
265	Spectrogram 1	1	1126.982930635	1127.732759215	2949.831	1137.284	1127.1718	0.2553	1127.5468	0.7660	0.3750	0.7498	1248.000	2912.000	1504.000	1664.000	14.92	R
519	Spectrogram 1	1	1127.456507078	1129.898805882	3815.131	3183.177	1127.4843	0.0065	1129.6718	0.9097	2.1875	2.4423	3200.000	3776.000	3296.000	576.000	13.21	P
266	Spectrogram 1	1	1127.797030236	1129.339534743	941.813	355.401	1128.1250	0.2062	1129.2031	0.9175	1.0781	1.5425	384.000	768.000	384.000	384.000	20.36	J
267	Spectrogram 1	1	1129.510924133	1130.260752713	2665.510	1350.525	1129.5781	0.0851	1130.1875	0.9149	0.6094	0.7498	1504.000	2624.000	2560.000	1120.000	15.34	SS
268	Spectrogram 1	1	1130.539260472	1131.717562526	746.343	284.321	1130.6875	0.1216	1131.5781	0.8919	0.8906	1.1783	352.000	640.000	448.000	288.000	17.19	R
269	Spectrogram 1	1	1131.096275988	1131.867528242	2789.900	1101.744	1131.1718	0.0833	1131.7812	0.8958	0.6094	0.7713	1152.000	2720.000	1568.000	1568.000	14.63	SS
520	Spectrogram 1	1	1131.355615644	1133.905032817	3815.131	3557.669	1131.4375	0.0309	1133.8281	0.9753	2.3906	2.5494	3584.000	3808.000	3744.000	224.000	14.27	P
270	Spectrogram 1	1	1132.167459674	1133.431456423	941.813	302.091	1132.3125	0.1125	1133.2968	0.9000	0.9844	1.2640	352.000	832.000	448.000	480.000	21.55	J
271	Spectrogram 1	1	1133.836356824	1134.436219688	2683.280	1314.985	1133.8437	0.0000	1134.3125	0.8108	0.4688	0.5999	1760.000	2592.000	2336.000	832.000	15.56	SS
272	Spectrogram 1	1	1135.357437658	1136.064418890	2789.900	995.124	1135.4687	0.1556	1136.0156	0.9333	0.5469	0.7070	1088.000	2496.000	1408.000	1408.000	15.85	SS
521	Spectrogram 1	1	1135.640350388	1138.211191234	3698.103	3393.829	1135.7812	0.0549	1138.1718	0.9878	2.3906	2.5708	3424.000	3680.000	3680.000	256.000	13.51	P
273	Spectrogram 1	1	1136.278655628	1137.564076051	888.503	337.631	1136.6406	0.2805	1137.4218	0.8902	0.7812	1.2854	384.000	704.000	416.000	320.000	19.93	J
274	Spectrogram 1	1	1137.842583809	1138.378175652	2772.130	1012.894	1137.9062	0.1176	1138.3593	0.9706	0.4531	0.5356	1408.000	2688.000	2624.000	1280.000	16.00	SS
275	Spectrogram 1	1	1139.492206685	1140.499119350	3056.451	1226.134	1139.5937	0.0952	1140.4375	0.9524	0.8438	1.0069	1376.000	2944.000	2720.000	1568.000	14.44	SS
276	Spectrogram 1	1	1139.620748727	1141.013287519	444.252	195.471	1139.6875	0.0455	1140.8906	0.9205	1.2031	1.3925	224.000	384.000	320.000	160.000	13.42	R
522	Spectrogram 1	1	1139.946508805	1142.603044346	3861.943	3674.697	1140.0625	0.0414	1142.5000	0.9645	2.4375	2.6565	3680.000	3840.000	3744.000	160.000	12.49	P
277	Spectrogram 1	1	1140.670508739	1142.084471205	924.043	319.861	1140.9843	0.2222	1141.8593	0.8444	0.8750	1.4140	352.000	736.000	448.000	384.000	20.37	J
278	Spectrogram 1	1	1142.255860595	1142.662910395	2860.980	1119.514	1142.2812	0.0400	1142.5937	0.8400	0.3125	0.4070	1216.000	2656.000	2560.000	1440.000	13.82	SW
279	Spectrogram 1	1	1151.270025426	1151.355720121	5562.030	71.080	1151.2812	0.0000	1151.3437	1.0000	0.0625	0.0857	128.000	2272.000	832.000	2144.000	16.66	break
280	Spectrogram 1	1	1168.124935596	1169.731711124	3163.072	1172.824	1168.2656	0.0882	1169.5937	0.9216	1.3281	1.6068	1248.000	2848.000	2304.000	1600.000	14.62	S
281	Spectrogram 1	1	1171.081402569	1173.159498919	3056.451	977.354	1171.2968	0.0985	1172.9531	0.9015	1.6562	2.0781	1088.000	2880.000	1504.000	1792.000	13.37	WH
282	Spectrogram 1	1	1173.777560343	1175.362912198	408.711	248.781	1173.8125	0.0198	1175.1718	0.8812	1.3594	1.5854	256.000	384.000	320.000	128.000	13.07	R
563	Spectrogram 1	1	1173.927526059	1177.376737527	3737.880	3581.202	1174.1875	0.0727	1177.3593	0.9955	3.1719	3.4492	3584.000	3712.000	3616.000	128.000	11.49	P
283	Spectrogram 1	1	1174.316377300	1175.387560986	2985.371	1208.364	1174.5781	0.2388	1175.2031	0.8358	0.6250	1.0712	1280.000	2816.000	2592.000	1536.000	15.12	S
284	Spectrogram 1	1	1176.458744672	1177.744165095	3145.302	710.803	1176.5468	0.0617	1177.6093	0.9012	1.0625	1.2854	960.000	2912.000	1952.000	1952.000	13.80	SW
285	Spectrogram 1	1	1178.803025071	1180.324105905	3038.681	1137.284	1178.8437	0.0208	1180.2500	0.9583	1.4062	1.5211	1184.000	2912.000	1152.000	1728.000	13.75	S
286	Spectrogram 1	1	1180.988239790	1182.937794098	3589.553	746.343	1181.2812	0.1452	1182.6562	0.8548	1.3750	1.9496	864.000	3296.000	800.000	2432.000	13.90	SW
287	Spectrogram 1	1	1183.409114920	1185.187279838	3234.152	1368.295	1183.6875	0.1518	1185.0000	0.9018	1.3125	1.7782	1472.000	3072.000	2944.000	1600.000	14.58	S
288	Spectrogram 1	1	1183.525331884	1185.089260065	390.941	231.011	1183.5625	0.0202	1185.0625	0.9899	1.5000	1.5639	256.000	384.000	384.000	128.000	12.75	R
523	Spectrogram 1	1	1183.865039824	1185.771746785	3978.971	3791.726	1183.9375	0.0331	1185.3281	0.7686	1.3906	1.9067	3808.000	3968.000	3904.000	160.000	13.88	P
289	Spectrogram 1	1	1185.252852022	1185.916985907	2857.234	1595.560	1185.2656	0.0000	1185.8437	0.9024	0.5781	0.6641	1696.000	2720.000	1952.000	1024.000	11.45	SS
564	Spectrogram 1	1	1186.942407791	1188.013591477	3939.322	3760.262	1186.9687	0.0149	1187.9687	0.9701	1.0000	1.0712	3776.000	3936.000	3936.000	160.000	11.21	P
290	Spectrogram 1	1	1187.029715778	1188.250865180	2914.291	941.813	1187.0625	0.0256	1188.0156	0.8077	0.9531	1.2211	1120.000	2784.000	2368.000	1664.000	14.98	S
291	Spectrogram 1	1	1187.060237997	1188.109998009	390.941	195.471	1187.1093	0.0448	1187.9375	0.8358	0.8281	1.0498	256.000	352.000	320.000	96.000	17.90	R
566	Spectrogram 1	1	1188.977656795	1190.370195586	402.885	201.443	1189.0000	0.0114	1190.2500	0.9205	1.2500	1.3925	224.000	384.000	320.000	160.000	13.20	R
292	Spectrogram 1	1	1189.064964781	1190.350385204	3216.382	924.043	1189.1875	0.0864	1190.2500	0.9259	1.0625	1.2854	960.000	3104.000	960.000	2144.000	13.33	S
565	Spectrogram 1	1	1189.427553943	1192.512562958	3805.027	3648.350	1189.6250	0.0612	1192.4687	0.9898	2.8438	3.0850	3680.000	3776.000	3776.000	96.000	12.39	P
293	Spectrogram 1	1	1191.152161096	1192.866054993	3074.221	888.503	1191.3281	0.1009	1192.7500	0.9358	1.4219	1.7139	1056.000	2880.000	2208.000	1824.000	13.08	SW
294	Spectrogram 1	1	1193.787271544	1195.951062590	3163.072	1101.744	1193.9687	0.0803	1195.8593	0.9635	1.8906	2.1638	1184.000	2944.000	2560.000	1760.000	12.97	S
295	Spectrogram 1	1	1194.151473997	1196.272417695	426.482	266.551	1194.6093	0.2148	1196.2187	0.9778	1.6094	2.1209	288.000	416.000	320.000	128.000	15.43	R
524	Spectrogram 1	1	1194.379239013	1197.014350880	4236.434	4049.189	1194.5312	0.0539	1196.6562	0.8683	2.1250	2.6351	4064.000	4224.000	4160.000	160.000	13.01	P
296	Spectrogram 1	1	1196.293841369	1197.386448729	3163.072	1012.894	1196.3906	0.0870	1197.3281	0.9565	0.9375	1.0926	1152.000	2944.000	1856.000	1792.000	15.82	SW
297	Spectrogram 1	1	1198.534755079	1200.098683261	426.482	159.931	1198.7812	0.1515	1199.9843	0.9293	1.2031	1.5639	160.000	384.000	288.000	224.000	12.26	R
298	Spectrogram 1	1	1198.684720795	1199.863022850	3127.531	1208.364	1198.7812	0.0800	1199.7500	0.9067	0.9688	1.1783	1248.000	2912.000	2560.000	1664.000	14.06	S
525	Spectrogram 1	1	1198.979430619	1201.807355550	3861.943	3744.914	1199.0937	0.0389	1201.6093	0.9333	2.5156	2.8279	3776.000	3840.000	3808.000	64.000	15.16	P
299	Spectrogram 1	1	1199.841599176	1201.384103684	888.503	266.551	1199.9687	0.0816	1201.0312	0.7755	1.0625	1.5425	416.000	864.000	640.000	448.000	19.53	J
300	Spectrogram 1	1	1201.384103684	1202.241050632	2736.590	1226.134	1201.4843	0.1111	1202.1562	0.9074	0.6719	0.8569	1344.000	2688.000	2624.000	1344.000	13.72	SS
301	Spectrogram 1	1	1203.355081666	1204.576231068	3269.692	1368.295	1203.4375	0.0649	1204.4062	0.8701	0.9688	1.2211	1440.000	3200.000	3136.000	1760.000	14.45	S
302	Spectrogram 1	1	1203.440776361	1205.283212300	390.941	248.781	1203.7656	0.1709	1205.1562	0.9316	1.3906	1.8424	256.000	384.000	352.000	128.000	14.09	R
526	Spectrogram 1	1	1203.735486184	1206.327750704	3955.566	3744.914	1203.9218	0.0671	1206.2968	0.9939	2.3750	2.5923	3776.000	3936.000	3936.000	160.000	12.76	P
303	Spectrogram 1	1	1204.833315152	1205.840227817	959.584	373.171	1204.9375	0.0952	1205.6562	0.8254	0.7188	1.0069	448.000	864.000	480.000	416.000	20.30	J
304	Spectrogram 1	1	1205.968769859	1206.654327418	2754.360	1386.065	1206.0937	0.1667	1206.5625	0.8810	0.4688	0.6856	1504.000	2656.000	2112.000	1152.000	15.44	SW
305	Spectrogram 1	1	1207.934923944	1209.070378651	3269.692	1226.134	1208.0000	0.0556	1209.0156	0.9583	1.0156	1.1355	1376.000	3200.000	2464.000	1824.000	14.41	S
527	Spectrogram 1	1	1208.105915623	1210.805298511	4306.651	4166.217	1208.3281	0.0814	1210.5937	0.9244	2.2656	2.6994	4192.000	4288.000	4288.000	96.000	12.05	P
306	Spectrogram 1	1	1208.299126397	1209.413157431	479.792	231.011	1208.4843	0.1571	1209.3125	0.9143	0.8281	1.1140	288.000	384.000	320.000	96.000	16.89	R
307	Spectrogram 1	1	1209.477428452	1211.277017044	906.273	284.321	1209.6406	0.0877	1210.9218	0.8070	1.2812	1.7996	384.000	768.000	480.000	384.000	19.60	J
308	Spectrogram 1	1	1210.334375400	1211.019932959	2754.360	1421.605	1210.4062	0.0930	1210.8750	0.7907	0.4688	0.6856	1504.000	2720.000	2272.000	1216.000	15.94	SS
309	Spectrogram 1	1	1212.198235014	1213.290842373	3163.072	1066.204	1212.2812	0.0725	1213.1093	0.8406	0.8281	1.0926	1184.000	3072.000	1280.000	1888.000	14.98	S
310	Spectrogram 1	1	1212.219658687	1213.440808089	408.711	195.471	1212.4218	0.1558	1213.3281	0.9091	0.9062	1.2211	256.000	384.000	352.000	128.000	13.55	R
528	Spectrogram 1	1	1212.562039756	1214.811525496	4236.434	4049.189	1212.6406	0.0350	1214.7968	1.0000	2.1562	2.2495	4064.000	4224.000	4096.000	160.000	11.42	P
311	Spectrogram 1	1	1213.119452984	1214.447720754	941.813	373.171	1213.4218	0.2262	1214.3906	0.9643	0.9688	1.3283	384.000	832.000	448.000	448.000	22.40	J
312	Spectrogram 1	1	1214.495391998	1215.154701987	3189.252	1243.905	1214.5312	0.0488	1215.1250	0.9756	0.5938	0.6593	1440.000	2944.000	1984.000	1504.000	16.21	SW
313	Spectrogram 1	1	1215.904530567	1217.532729769	426.482	177.701	1216.0468	0.0865	1217.3906	0.9135	1.3438	1.6282	224.000	352.000	256.000	128.000	15.20	R
314	Spectrogram 1	1	1216.354427715	1217.339916706	3287.462	1190.594	1216.4843	0.1290	1217.2656	0.9355	0.7812	0.9855	1344.000	3168.000	1472.000	1824.000	14.57	S
529	Spectrogram 1	1	1216.696808733	1219.289073253	4283.246	4049.189	1216.8906	0.0727	1219.2031	0.9697	2.3125	2.5923	4064.000	4256.000	4256.000	192.000	11.50	P
315	Spectrogram 1	1	1217.639848138	1218.882421213	924.043	390.941	1217.9218	0.2278	1218.6718	0.8354	0.7500	1.2426	512.000	832.000	800.000	320.000	20.24	J
316	Spectrogram 1	1	1218.753879171	1219.632249794	2754.360	1297.215	1218.8125	0.0545	1219.4687	0.8182	0.6562	0.8784	1440.000	2720.000	2432.000	1280.000	16.81	SS
317	Spectrogram 1	1	1219.913432758	1222.055800130	390.941	195.471	1220.2031	0.1324	1221.7812	0.8750	1.5781	2.1424	224.000	384.000	288.000	160.000	15.09	R
318	Spectrogram 1	1	1220.791803380	1222.248613193	2860.980	1101.744	1220.8593	0.0435	1222.0781	0.8913	1.2188	1.4568	1152.000	2720.000	1312.000	1568.000	15.25	S
530	Spectrogram 1	1	1221.324322256	1223.745197386	3908.754	3651.291	1221.3593	0.0130	1223.5937	0.9416	2.2344	2.4209	3680.000	3904.000	3744.000	224.000	12.53	P
319	Spectrogram 1	1	1222.227189519	1223.662575659	959.584	284.321	1222.7187	0.3407	1223.5625	0.9341	0.8438	1.4354	352.000	672.000	416.000	320.000	20.74	J
320	Spectrogram 1	1	1223.276949532	1224.026778112	2789.900	1759.236	1223.2968	0.0213	1224.0156	1.0000	0.7188	0.7498	1760.000	2720.000	2112.000	960.000	12.98	SW
321	Spectrogram 1	1	1232.540750647	1232.583597994	6521.614	1865.857	1232.5468	0.0000	1232.5781	1.0000	0.0312	0.0428	1984.000	5696.000	2016.000	3712.000	12.04	break
322	Spectrogram 1	1	1248.427793936	1249.606095990	2878.751	1119.514	1248.6250	0.1622	1249.4531	0.8784	0.8281	1.1783	1248.000	2752.000	2336.000	1504.000	14.01	S
323	Spectrogram 1	1	1250.055993138	1251.919852752	3820.564	941.813	1250.4062	0.1864	1251.7031	0.8898	1.2969	1.8639	1216.000	3328.000	2176.000	2112.000	14.12	SW
324	Spectrogram 1	1	1252.776799700	1253.955101755	2860.980	1155.054	1252.9062	0.1067	1253.8593	0.9200	0.9531	1.1783	1280.000	2816.000	1344.000	1536.000	14.41	S
325	Spectrogram 1	1	1254.897743398	1257.297194855	3856.104	852.963	1254.9843	0.0327	1256.9843	0.8693	2.0000	2.3995	992.000	3488.000	1888.000	2496.000	14.32	WH
326	Spectrogram 1	1	1257.874559700	1259.738419313	3038.681	1261.675	1258.0625	0.1008	1259.5937	0.9244	1.5312	1.8639	1344.000	2912.000	2400.000	1568.000	13.59	S
327	Spectrogram 1	1	1259.931232376	1261.109534431	3411.852	1297.215	1260.0468	0.0933	1261.0156	0.9200	0.9688	1.1783	1504.000	3136.000	1856.000	1632.000	14.95	SW
328	Spectrogram 1	1	1261.837939337	1262.951970370	3091.991	1243.905	1261.9843	0.1286	1262.8281	0.9000	0.8438	1.1140	1344.000	2944.000	1376.000	1600.000	13.44	S
329	Spectrogram 1	1	1263.830340993	1265.608505911	3269.692	906.273	1264.0468	0.1161	1265.3906	0.8839	1.3438	1.7782	1056.000	3040.000	2272.000	1984.000	14.72	SW
330	Spectrogram 1	1	1266.036979386	1267.472365525	373.171	195.471	1266.0625	0.0110	1267.4062	0.9560	1.3438	1.4354	224.000	352.000	256.000	128.000	14.69	R
331	Spectrogram 1	1	1266.294063470	1267.729449609	3091.991	1226.134	1266.4687	0.1209	1267.6250	0.9341	1.1562	1.4354	1344.000	2944.000	1376.000	1600.000	13.67	S
531	Spectrogram 1	1	1266.785357073	1269.827518741	4119.406	3955.566	1266.9062	0.0363	1269.6562	0.9482	2.7500	3.0422	3968.000	4096.000	4000.000	128.000	13.28	P
332	Spectrogram 1	1	1267.708025936	1269.357648812	977.354	319.861	1267.8906	0.1058	1269.0625	0.8269	1.1719	1.6496	416.000	896.000	576.000	480.000	21.49	J
333	Spectrogram 1	1	1269.271954117	1270.150324739	3536.243	1101.744	1269.4218	0.1636	1270.0625	0.9091	0.6406	0.8784	1312.000	3328.000	2368.000	2016.000	15.46	SW
334	Spectrogram 1	1	1270.606646645	1272.213422174	444.252	266.551	1270.8125	0.1275	1272.1562	0.9706	1.3438	1.6068	288.000	416.000	352.000	128.000	14.83	R
335	Spectrogram 1	1	1271.077967467	1272.149151153	3163.072	1421.605	1271.1875	0.1029	1272.0625	0.9265	0.8750	1.0712	1568.000	3104.000	2752.000	1536.000	14.24	S
532	Spectrogram 1	1	1271.391446872	1274.112253434	4564.114	4259.840	1271.4531	0.0173	1273.8125	0.8902	2.3594	2.7208	4288.000	4544.000	4288.000	256.000	13.72	P
336	Spectrogram 1	1	1272.042032784	1273.455995250	1243.905	337.631	1272.2187	0.1222	1273.3593	0.9333	1.1406	1.4140	384.000	960.000	480.000	576.000	18.52	J
337	Spectrogram 1	1	1273.777350355	1274.355789546	3293.476	1137.284	1273.8125	0.0556	1274.3281	0.9722	0.5156	0.5784	1248.000	3008.000	2976.000	1760.000	14.81	SW
338	Spectrogram 1	1	1275.250759945	1276.321943631	390.941	195.471	1275.2812	0.0149	1276.2187	0.9104	0.9375	1.0712	224.000	384.000	224.000	160.000	11.46	R
339	Spectrogram 1	1	1275.614962398	1276.386214652	2789.900	1208.364	1275.6718	0.0625	1276.3281	0.9375	0.6562	0.7713	1280.000	2720.000	2560.000	1440.000	13.56	SS
533	Spectrogram 1	1	1275.868994679	1278.225598787	4376.869	3791.726	1275.9218	0.0200	1278.1406	0.9667	2.2188	2.3566	3808.000	4352.000	4032.000	544.000	13.49	P
340	Spectrogram 1	1	1276.771840779	1277.714482422	1066.204	302.091	1276.8281	0.0508	1277.5781	0.8644	0.7500	0.9426	384.000	960.000	448.000	576.000	20.53	J
341	Spectrogram 1	1	1277.907295486	1278.207226918	3003.141	1314.985	1277.9218	0.0000	1278.1718	0.8889	0.2500	0.2999	1408.000	2976.000	2944.000	1568.000	14.74	SS
342	Spectrogram 1	1	1279.011678066	1279.890048688	3074.221	1119.514	1279.0468	0.0364	1279.8281	0.9455	0.7812	0.8784	1248.000	3040.000	2848.000	1792.000	13.94	S
534	Spectrogram 1	1	1279.082545736	1281.439149845	3955.566	3815.131	1279.1875	0.0400	1281.3750	0.9733	2.1875	2.3566	3840.000	3936.000	3872.000	96.000	12.00	P
343	Spectrogram 1	1	1279.183067456	1280.297098489	390.941	213.241	1279.2656	0.0704	1280.1718	0.8873	0.9062	1.1140	224.000	384.000	256.000	160.000	11.26	R
344	Spectrogram 1	1	1280.082861752	1281.239740132	959.584	213.241	1280.2812	0.1644	1280.9375	0.7397	0.6562	1.1569	352.000	832.000	736.000	480.000	16.36	J
345	Spectrogram 1	1	1281.261163806	1281.646789933	3001.649	870.733	1281.2812	0.0417	1281.6250	0.9583	0.3438	0.3856	1024.000	2624.000	1920.000	1600.000	15.81	SW
346	Spectrogram 1	1	1282.675126271	1283.467802199	3269.692	906.273	1282.7812	0.1224	1283.3593	0.8776	0.5781	0.7927	928.000	3200.000	3168.000	2272.000	15.27	S
347	Spectrogram 1	1	1282.803668314	1283.810580978	426.482	213.241	1282.8593	0.0476	1283.7656	0.9683	0.9062	1.0069	224.000	416.000	320.000	192.000	12.80	R
535	Spectrogram 1	1	1282.960230679	1285.231140093	4025.783	3721.509	1283.0625	0.0417	1285.1875	0.9861	2.1250	2.2709	3744.000	4000.000	3808.000	256.000	15.65	P
348	Spectrogram 1	1	1283.553496894	1285.031730380	959.584	302.091	1283.8593	0.2021	1284.6718	0.7553	0.8125	1.4782	320.000	736.000	352.000	416.000	19.75	J
349	Spectrogram 1	1	1284.796069969	1285.267390791	2736.590	1190.594	1284.8437	0.1000	1285.2500	0.9667	0.4062	0.4713	1344.000	2656.000	1376.000	1312.000	14.84	SS
350	Spectrogram 1	1	1286.595659221	1287.281216780	3269.692	1066.204	1286.6562	0.0714	1287.1250	0.7857	0.4688	0.6856	1504.000	3200.000	3136.000	1696.000	16.95	SS
536	Spectrogram 1	1	1286.966457664	1289.365909120	4049.189	3744.914	1286.9843	0.0065	1289.2500	0.9542	2.2656	2.3995	3776.000	4032.000	4000.000	256.000	13.87	P
351	Spectrogram 1	1	1287.045556369	1287.816808623	479.792	266.551	1287.1406	0.1224	1287.7500	0.9184	0.6094	0.7713	288.000	448.000	352.000	160.000	16.87	R
352	Spectrogram 1	1	1287.752537601	1289.209347414	959.584	302.091	1287.9687	0.1413	1288.8281	0.7391	0.8594	1.4568	352.000	704.000	416.000	352.000	20.77	J
353	Spectrogram 1	1	1289.123652719	1289.659244562	2843.210	1314.985	1289.1406	0.0294	1289.6406	0.9706	0.5000	0.5356	1376.000	2784.000	2624.000	1408.000	14.84	SS
354	Spectrogram 1	1	1290.494767837	1291.244596417	2558.889	1137.284	1290.5781	0.1064	1291.2031	0.9574	0.6250	0.7498	1152.000	2464.000	1408.000	1312.000	14.60	SS
355	Spectrogram 1	1	1290.516191511	1291.244596417	497.562	231.011	1290.5937	0.0889	1291.1875	0.9333	0.5938	0.7284	288.000	448.000	416.000	160.000	14.39	R
537	Spectrogram 1	1	1291.015531946	1293.607796466	3581.074	3300.206	1291.1093	0.0364	1293.5781	0.9939	2.4688	2.5923	3328.000	3552.000	3360.000	224.000	13.28	P
356	Spectrogram 1	1	1291.415985807	1293.236998073	977.354	248.781	1291.6406	0.1207	1293.0781	0.9138	1.4375	1.8210	352.000	864.000	576.000	512.000	19.89	J
357	Spectrogram 1	1	1293.386963789	1294.072521348	2434.499	1048.434	1293.4218	0.0465	1293.9218	0.7907	0.5000	0.6856	1088.000	2336.000	1792.000	1248.000	15.55	SS
358	Spectrogram 1	1	1294.518273909	1295.825118005	468.610	190.915	1294.6406	0.0854	1295.7187	0.9268	1.0781	1.3068	288.000	416.000	352.000	128.000	20.16	R
359	Spectrogram 1	1	1294.843773602	1295.615025855	2683.280	1155.054	1294.9687	0.1458	1295.5625	0.9375	0.5938	0.7713	1184.000	2528.000	1248.000	1344.000	17.10	SS
538	Spectrogram 1	1	1294.978911584	1297.399786714	3510.857	3276.800	1295.1093	0.0519	1297.3593	0.9870	2.2500	2.4209	3296.000	3488.000	3328.000	192.000	15.04	P
360	Spectrogram 1	1	1295.675152289	1297.324775166	919.864	295.051	1295.9843	0.1827	1297.1250	0.8846	1.1406	1.6496	384.000	736.000	480.000	352.000	20.40	J
361	Spectrogram 1	1	1297.307496079	1297.607427511	2452.269	1368.295	1297.3281	0.0556	1297.5781	0.9444	0.2500	0.2999	1408.000	2432.000	2432.000	1024.000	14.59	SS
362	Spectrogram 1	1	1298.635763850	1300.049726315	515.332	71.080	1299.0156	0.2667	1299.7500	0.7889	0.7344	1.4140	192.000	352.000	224.000	160.000	21.49	O
363	Spectrogram 1	1	1313.062944956	1313.062944956	6361.683	533.102	1313.0625	NaN	1313.0625	NaN	0.0000	0.0000	544.000	3776.000	576.000	3232.000	17.26	break
364	Spectrogram 1	1	1327.744619812	1328.965769214	2878.751	1297.215	1327.9375	0.1558	1328.8437	0.9091	0.9062	1.2211	1312.000	2752.000	1376.000	1440.000	12.85	S
365	Spectrogram 1	1	1329.651326773	1331.472339039	3411.852	1314.985	1329.8437	0.1034	1331.3593	0.9397	1.5156	1.8210	1504.000	3200.000	2240.000	1696.000	14.45	WH
366	Spectrogram 1	1	1332.607793746	1334.343111317	2896.521	1083.974	1332.6250	0.0091	1334.1718	0.9091	1.5469	1.7353	1120.000	2752.000	1472.000	1632.000	14.30	S
367	Spectrogram 1	1	1334.793008465	1337.578086048	3607.323	746.343	1335.1406	0.1243	1337.3437	0.9209	2.2031	2.7851	928.000	3296.000	1824.000	2368.000	15.64	WH
368	Spectrogram 1	1	1338.263643557	1339.870419085	355.401	195.471	1338.3281	0.0392	1339.8437	0.9902	1.5156	1.6068	224.000	352.000	320.000	128.000	11.54	R
369	Spectrogram 1	1	1338.392185599	1340.041808475	3198.612	1421.605	1338.7187	0.1923	1339.9531	0.9519	1.2344	1.6496	1472.000	3104.000	1504.000	1632.000	16.54	S
567	Spectrogram 1	1	1338.724252542	1342.623361158	4767.475	4409.355	1339.0625	0.0847	1342.5156	0.9758	3.4531	3.8991	4416.000	4704.000	4416.000	288.000	15.21	P
370	Spectrogram 1	1	1340.941602771	1342.805462385	3696.174	728.573	1341.0937	0.0763	1342.5781	0.8814	1.4844	1.8639	800.000	3328.000	928.000	2528.000	16.20	WH
371	Spectrogram 1	1	1343.126817490	1345.183490167	462.022	142.161	1343.2968	0.0769	1345.0156	0.9231	1.7188	2.0567	192.000	416.000	352.000	224.000	13.54	R
372	Spectrogram 1	1	1343.512443617	1344.755016693	3465.163	1208.364	1343.6250	0.0886	1344.6718	0.9367	1.0469	1.2426	1376.000	3328.000	3072.000	1952.000	14.63	S
539	Spectrogram 1	1	1344.017700621	1346.695659836	4353.463	4236.434	1344.0625	0.0118	1346.6093	0.9706	2.5469	2.6780	4256.000	4352.000	4352.000	96.000	16.79	P
373	Spectrogram 1	1	1345.312032210	1347.154468149	3340.772	693.033	1345.4843	0.0940	1347.0625	0.9573	1.5781	1.8424	768.000	3200.000	1952.000	2432.000	15.43	SW
374	Spectrogram 1	1	1347.668636318	1349.382530216	533.102	231.011	1347.7812	0.0642	1349.1562	0.8716	1.3750	1.7139	256.000	448.000	352.000	192.000	16.31	R
375	Spectrogram 1	1	1347.882873056	1349.146869805	2896.521	1243.905	1347.9843	0.0750	1349.0937	0.9625	1.1094	1.2640	1344.000	2880.000	1408.000	1536.000	13.33	S
540	Spectrogram 1	1	1348.409553683	1351.237478613	3861.943	3721.509	1348.5468	0.0444	1351.0781	0.9444	2.5312	2.8279	3744.000	3840.000	3776.000	96.000	12.97	P
376	Spectrogram 1	1	1349.125446131	1350.710797986	1012.894	408.711	1349.3750	0.1500	1350.5156	0.8800	1.1406	1.5854	448.000	896.000	480.000	448.000	21.92	J
377	Spectrogram 1	1	1350.689374313	1351.803405346	3251.922	1012.894	1350.7812	0.0714	1351.5156	0.7429	0.7344	1.1140	1344.000	3072.000	2176.000	1728.000	16.46	SW
378	Spectrogram 1	1	1352.189031473	1353.303062506	426.482	195.471	1352.2968	0.0857	1353.1875	0.9000	0.8906	1.1140	256.000	384.000	352.000	128.000	17.02	R
379	Spectrogram 1	1	1352.403268210	1353.281638832	3003.141	1243.905	1352.5000	0.1071	1353.2343	0.9464	0.7344	0.8784	1280.000	2944.000	1280.000	1664.000	14.45	S
541	Spectrogram 1	1	1352.758559447	1355.415094988	4283.246	4072.594	1352.8437	0.0296	1355.3593	0.9822	2.5156	2.6565	4096.000	4256.000	4096.000	160.000	15.51	P
380	Spectrogram 1	1	1353.453028222	1354.952685382	941.813	319.861	1353.7343	0.1895	1354.8125	0.9158	1.0781	1.4997	384.000	864.000	448.000	480.000	23.59	J
381	Spectrogram 1	1	1355.231193141	1355.788208657	2434.499	1066.204	1355.2500	0.0286	1355.6562	0.7714	0.4062	0.5570	1120.000	2400.000	2272.000	1280.000	15.36	SS
382	Spectrogram 1	1	1356.232207563	1357.731864723	444.252	159.931	1356.2500	0.0105	1357.6406	0.9474	1.3906	1.4997	224.000	416.000	352.000	192.000	15.06	R
383	Spectrogram 1	1	1356.425020626	1357.967525134	2718.820	1172.824	1356.6093	0.1134	1357.8437	0.9278	1.2344	1.5425	1280.000	2656.000	1376.000	1376.000	15.33	S
542	Spectrogram 1	1	1356.871904801	1359.592711363	4213.029	3932.160	1357.0156	0.0520	1359.4375	0.9480	2.4219	2.7208	3936.000	4192.000	4000.000	256.000	15.00	P
384	Spectrogram 1	1	1357.774712070	1359.124403515	1172.824	248.781	1358.1250	0.2588	1358.9687	0.8941	0.8438	1.3497	352.000	768.000	416.000	416.000	18.86	J
385	Spectrogram 1	1	1359.317216578	1360.088468832	2523.349	1208.364	1359.4375	0.1458	1359.9843	0.8750	0.5469	0.7713	1312.000	2496.000	2400.000	1184.000	15.53	SS
386	Spectrogram 1	1	1360.624060675	1362.295107225	444.252	195.471	1360.9687	0.2075	1362.2031	0.9528	1.2344	1.6710	256.000	416.000	352.000	160.000	17.30	R
387	Spectrogram 1	1	1361.052534149	1362.552191309	3127.531	1137.284	1361.2187	0.1053	1362.4218	0.9158	1.2031	1.4997	1280.000	3072.000	2464.000	1792.000	14.67	S
543	Spectrogram 1	1	1361.413723629	1364.498732644	4213.029	4049.189	1361.4687	0.0153	1364.0625	0.8622	2.5938	3.0850	4064.000	4192.000	4160.000	128.000	14.07	P
388	Spectrogram 1	1	1362.737504560	1364.794177237	3500.703	870.733	1362.9687	0.1077	1364.5468	0.8846	1.5781	2.0567	1344.000	3168.000	1888.000	1824.000	17.58	WH
389	Spectrogram 1	1	1365.600777025	1366.864773775	2807.670	1190.594	1365.7031	0.0750	1366.7656	0.9250	1.0625	1.2640	1280.000	2688.000	2336.000	1408.000	14.60	S
390	Spectrogram 1	1	1365.707895394	1366.929044796	444.252	195.471	1365.7187	0.0000	1366.8750	0.9610	1.1562	1.2211	224.000	384.000	256.000	160.000	12.64	R
544	Spectrogram 1	1	1366.019813428	1369.319059180	3908.754	3744.914	1366.3125	0.0857	1368.9531	0.8905	2.6406	3.2992	3776.000	3904.000	3904.000	128.000	17.32	P
391	Spectrogram 1	1	1368.450125630	1369.542732989	2896.521	870.733	1368.6250	0.1594	1369.4218	0.8986	0.7969	1.0926	1056.000	2688.000	1792.000	1632.000	17.54	SW
392	Spectrogram 1	1	1370.315739558	1371.579736307	416.542	208.271	1370.4218	0.0750	1371.4375	0.8875	1.0156	1.2640	256.000	384.000	352.000	128.000	16.56	R
393	Spectrogram 1	1	1370.465705274	1371.644007328	2933.153	1041.356	1370.5156	0.0400	1371.6093	0.9733	1.0938	1.1783	1184.000	2880.000	2880.000	1696.000	13.74	S
545	Spectrogram 1	1	1371.054376751	1373.346709839	4049.189	3791.726	1371.1406	0.0342	1373.2343	0.9521	2.0938	2.2923	3808.000	4032.000	4000.000	224.000	15.10	P
394	Spectrogram 1	1	1371.622583654	1372.929427751	1041.356	277.695	1371.8906	0.2048	1372.7812	0.8916	0.8906	1.3068	352.000	832.000	576.000	480.000	21.37	J
395	Spectrogram 1	1	1372.884826089	1373.591807322	2985.371	1012.894	1373.0000	0.1591	1373.5468	0.9545	0.5469	0.7070	1152.000	2784.000	2112.000	1632.000	16.90	SS
396	Spectrogram 1	1	1374.107729805	1375.414573902	485.966	173.559	1374.2031	0.0723	1375.3750	0.9759	1.1719	1.3068	224.000	448.000	256.000	224.000	15.02	R
397	Spectrogram 1	1	1374.493355932	1375.264608186	3193.492	1301.695	1374.5625	0.0833	1375.2187	0.9583	0.6562	0.7713	1312.000	3104.000	1408.000	1792.000	13.76	SS
546	Spectrogram 1	1	1374.632130262	1377.395784171	4400.274	4025.783	1374.6562	0.0057	1377.1562	0.9148	2.5000	2.7637	4032.000	4384.000	4096.000	352.000	15.53	P
398	Spectrogram 1	1	1375.307455534	1376.892807389	1058.712	277.695	1375.8593	0.3465	1376.6562	0.8515	0.7969	1.5854	384.000	800.000	416.000	416.000	22.34	J
399	Spectrogram 1	1	1376.976747769	1377.662305328	3091.991	1172.824	1377.0625	0.1163	1377.6093	0.9302	0.5469	0.6856	1312.000	3040.000	2592.000	1728.000	16.17	SW
400	Spectrogram 1	1	1378.156804138	1379.592190277	468.610	225.627	1378.4375	0.1889	1379.4218	0.8889	0.9844	1.4354	256.000	416.000	384.000	160.000	20.76	R
401	Spectrogram 1	1	1378.521006591	1379.377953540	2829.017	1162.847	1378.6406	0.1296	1379.3281	0.9444	0.6875	0.8569	1248.000	2688.000	1440.000	1440.000	17.34	SS
547	Spectrogram 1	1	1378.916865005	1381.273469114	4025.783	3744.914	1378.9843	0.0267	1380.6250	0.7267	1.6406	2.3566	3776.000	4000.000	3872.000	224.000	16.83	P
402	Spectrogram 1	1	1379.527919256	1381.070423763	815.729	312.407	1379.9218	0.2551	1380.8437	0.8571	0.9219	1.5425	384.000	704.000	448.000	320.000	28.17	J
403	Spectrogram 1	1	1380.966901493	1381.523917010	3216.382	1137.284	1380.9843	0.0286	1381.4843	0.9429	0.5000	0.5570	1280.000	2976.000	2720.000	1696.000	14.05	SS
404	Spectrogram 1	1	1382.034489081	1383.212791135	433.898	190.915	1382.1093	0.0541	1383.1562	0.9595	1.0469	1.1783	224.000	384.000	256.000	160.000	12.35	R
405	Spectrogram 1	1	1382.334420513	1383.148520114	2724.881	1110.780	1382.4531	0.1373	1383.1250	0.9804	0.6719	0.8141	1184.000	2656.000	1312.000	1472.000	15.53	S
548	Spectrogram 1	1	1382.730278927	1385.236848752	3815.131	3651.291	1382.7968	0.0250	1385.1875	0.9812	2.3906	2.5066	3680.000	3808.000	3744.000	128.000	13.83	P
406	Spectrogram 1	1	1383.148520114	1384.905261359	954.576	312.407	1383.3437	0.1081	1384.6250	0.8468	1.2812	1.7567	384.000	800.000	576.000	416.000	24.32	J
407	Spectrogram 1	1	1384.921860426	1385.585994311	3280.271	815.729	1384.9843	0.0732	1385.5156	0.9024	0.5312	0.6641	1280.000	3104.000	1888.000	1824.000	17.47	SS
408	Spectrogram 1	1	1386.078738807	1387.621243314	468.610	208.271	1386.2968	0.1340	1387.3125	0.8041	1.0156	1.5425	256.000	384.000	352.000	128.000	17.44	R
409	Spectrogram 1	1	1386.421517586	1387.364159230	3176.136	1093.424	1386.5156	0.1000	1387.3281	0.9667	0.8125	0.9426	1280.000	2848.000	2592.000	1568.000	14.43	S
549	Spectrogram 1	1	1386.715082188	1389.350194055	4072.594	3908.754	1386.7656	0.0179	1388.8593	0.8155	2.0938	2.6351	3936.000	4064.000	4064.000	128.000	15.81	P
410	Spectrogram 1	1	1387.471277598	1389.099476801	850.441	277.695	1387.7343	0.1553	1388.7812	0.8058	1.0469	1.6282	352.000	736.000	416.000	384.000	25.50	J
411	Spectrogram 1	1	1389.035205780	1389.485102928	3089.356	1006.644	1389.0625	0.0357	1389.4218	0.8571	0.3594	0.4499	1152.000	2784.000	1312.000	1632.000	15.92	SS
412	Spectrogram 1	1	1389.977847423	1391.113302130	433.898	138.847	1390.0781	0.0833	1391.0625	0.9583	0.9844	1.1355	192.000	416.000	256.000	224.000	15.00	R
413	Spectrogram 1	1	1390.170660487	1391.070454783	2846.373	1128.136	1390.3593	0.2105	1390.9843	0.9123	0.6250	0.8998	1216.000	2624.000	1248.000	1408.000	16.00	S
550	Spectrogram 1	1	1390.399954067	1393.356421040	4915.200	4704.549	1390.4687	0.0213	1393.0937	0.9149	2.6250	2.9565	4736.000	4896.000	4800.000	160.000	14.30	P
414	Spectrogram 1	1	1391.070454783	1392.612959290	885.153	295.051	1391.4375	0.2347	1392.4687	0.9082	1.0312	1.5425	352.000	736.000	448.000	384.000	25.45	J
415	Spectrogram 1	1	1392.514261626	1394.420968587	4033.805	693.033	1392.5625	0.0248	1394.0468	0.8099	1.4844	1.9067	800.000	3360.000	1696.000	2560.000	15.75	SW
416	Spectrogram 1	1	1402.855418190	1402.898265537	6894.785	550.872	1402.8593	0.0000	1402.8906	1.0000	0.0312	0.0428	608.000	4896.000	608.000	4288.000	14.80	break
417	Spectrogram 1	1	1414.099185942	1415.663114123	2915.797	789.590	1414.2031	0.0606	1415.4062	0.8384	1.2031	1.5639	864.000	2720.000	896.000	1856.000	13.28	S
418	Spectrogram 1	1	1416.711799790	1418.639930424	5231.036	631.672	1416.9531	0.1230	1418.5000	0.9344	1.5469	1.9281	672.000	3264.000	1248.000	2592.000	17.25	SW
419	Spectrogram 1	1	1419.862154171	1421.426082353	3059.663	1046.207	1419.9843	0.0707	1421.2343	0.8788	1.2500	1.5639	1184.000	2816.000	2624.000	1632.000	14.26	S
420	Spectrogram 1	1	1422.346225977	1424.638559065	5112.598	829.070	1422.6875	0.1448	1424.3125	0.8621	1.6250	2.2923	864.000	3392.000	1792.000	2528.000	17.23	WH
421	Spectrogram 1	1	1424.917066823	1426.588113373	454.014	197.398	1425.1093	0.1132	1426.5312	0.9717	1.4219	1.6710	256.000	416.000	384.000	160.000	14.51	R
422	Spectrogram 1	1	1425.344465952	1426.737004744	3336.019	1164.646	1425.5312	0.1250	1426.6406	0.9318	1.1094	1.3925	1280.000	3232.000	1600.000	1952.000	15.76	S
568	Spectrogram 1	1	1425.838284793	1429.823088104	5685.158	5595.628	1426.0156	0.0433	1429.6250	0.9528	3.6094	3.9848	5600.000	5664.000	5664.000	64.000	12.17	P
423	Spectrogram 1	1	1428.450898641	1430.464723970	4915.200	750.111	1428.6875	0.1172	1430.2812	0.9141	1.5938	2.0138	1024.000	3392.000	1952.000	2368.000	16.10	WH
425	Spectrogram 1	1	1431.246327824	1432.579424421	2898.708	1113.272	1431.4218	0.1294	1432.4375	0.8941	1.0156	1.3331	1280.000	2816.000	2496.000	1536.000	14.21	S
569	Spectrogram 1	1	1431.344168938	1432.543894666	470.033	290.973	1431.3750	0.0133	1432.1718	0.6933	0.7969	1.1997	320.000	448.000	416.000	128.000	13.54	R
570	Spectrogram 1	1	1431.686947718	1434.600567343	5438.951	5237.508	1431.8750	0.0645	1434.4375	0.9462	2.5625	2.9136	5248.000	5408.000	5376.000	160.000	12.32	P
426	Spectrogram 1	1	1432.976165227	1434.840024840	4300.356	568.642	1433.2187	0.1271	1434.6718	0.9153	1.4531	1.8639	800.000	3296.000	864.000	2496.000	16.49	WH
427	Spectrogram 1	1	1435.440961340	1436.983465848	355.401	177.701	1435.5000	0.0309	1436.9062	0.9588	1.4062	1.5425	224.000	320.000	320.000	96.000	15.22	R
428	Spectrogram 1	1	1435.675548115	1437.025239559	2932.061	1083.974	1435.7656	0.0588	1436.9531	0.9529	1.1875	1.3497	1248.000	2816.000	1472.000	1568.000	16.68	S
571	Spectrogram 1	1	1436.163420615	1439.269853304	5237.508	4924.153	1436.2656	0.0303	1439.0000	0.9141	2.7344	3.1064	4928.000	5216.000	5216.000	288.000	13.28	P
429	Spectrogram 1	1	1437.732220792	1439.488962037	3873.874	852.963	1437.9843	0.1429	1439.3437	0.9196	1.3594	1.7567	960.000	3328.000	1888.000	2368.000	15.64	WH
430	Spectrogram 1	1	1440.431603680	1441.202855934	2967.601	1066.204	1440.5312	0.1250	1441.0937	0.8750	0.5625	0.7713	1216.000	2912.000	1248.000	1696.000	18.26	SS
552	Spectrogram 1	1	1440.831281846	1443.552088408	4376.869	4142.811	1440.8750	0.0116	1443.4062	0.9480	2.5312	2.7208	4160.000	4352.000	4256.000	192.000	14.33	P
431	Spectrogram 1	1	1441.224279608	1442.681089420	1083.974	302.091	1441.6093	0.2609	1442.5781	0.9348	0.9688	1.4568	384.000	896.000	512.000	512.000	23.09	J
432	Spectrogram 1	1	1442.745360442	1444.073628212	3731.714	870.733	1442.9062	0.1190	1443.9375	0.9048	1.0312	1.3283	1152.000	3360.000	2432.000	2208.000	15.72	SW
433	Spectrogram 1	1	1444.459254339	1445.530438025	870.733	284.321	1444.6875	0.2090	1445.4687	0.9552	0.7812	1.0712	384.000	768.000	608.000	384.000	17.56	R
434	Spectrogram 1	1	1444.951998834	1445.658980067	3091.991	1190.594	1445.0000	0.0667	1445.5781	0.8889	0.5781	0.7070	1280.000	3072.000	2976.000	1792.000	17.06	SS
551	Spectrogram 1	1	1445.094592916	1447.365502330	4540.709	4306.651	1445.2500	0.0625	1447.2812	0.9653	2.0312	2.2709	4320.000	4512.000	4384.000	192.000	12.75	P
435	Spectrogram 1	1	1445.744674762	1446.880129469	1066.204	390.941	1445.8437	0.0833	1446.7031	0.8472	0.8594	1.1355	480.000	832.000	576.000	352.000	24.02	J
436	Spectrogram 1	1	1446.901553143	1447.908465807	3482.933	675.262	1447.0468	0.1406	1447.6406	0.7344	0.5938	1.0069	800.000	3200.000	1792.000	2400.000	16.43	SW
437	Spectrogram 1	1	1448.614372695	1449.921216791	746.343	266.551	1448.7812	0.1220	1449.8125	0.9268	1.0312	1.3068	320.000	704.000	576.000	384.000	16.95	R
438	Spectrogram 1	1	1448.635796368	1449.257082906	3251.922	1083.974	1448.6875	0.0769	1449.2031	0.9231	0.5156	0.6213	1344.000	3168.000	3136.000	1824.000	17.96	SS
553	Spectrogram 1	1	1448.843735816	1451.178916251	4634.331	4400.274	1448.8750	0.0068	1451.0156	0.9324	2.1406	2.3352	4416.000	4608.000	4608.000	192.000	16.21	P
439	Spectrogram 1	1	1449.278506580	1450.970976804	924.043	302.091	1449.7968	0.3056	1450.7187	0.8519	0.9219	1.6925	352.000	832.000	416.000	480.000	22.98	J
440	Spectrogram 1	1	1450.992400477	1451.613687015	2985.371	1083.974	1451.0781	0.1282	1451.5156	0.8462	0.4375	0.6213	1248.000	2848.000	2304.000	1600.000	15.59	SS
441	Spectrogram 1	1	1452.213549879	1453.820325408	515.332	248.781	1452.3125	0.0588	1453.7187	0.9412	1.4062	1.6068	288.000	512.000	352.000	224.000	19.26	R
442	Spectrogram 1	1	1452.299244574	1453.670359692	2860.980	1155.054	1452.4687	0.1163	1453.5312	0.9070	1.0625	1.3711	1216.000	2688.000	1280.000	1472.000	16.95	S
554	Spectrogram 1	1	1452.678573411	1455.377956300	4447.086	4236.434	1452.7343	0.0174	1455.1406	0.9128	2.4062	2.6994	4256.000	4416.000	4256.000	160.000	15.40	P
443	Spectrogram 1	1	1453.584664997	1455.062898483	924.043	337.631	1453.8437	0.1702	1454.8281	0.8404	0.9844	1.4782	384.000	800.000	416.000	416.000	24.63	J
444	Spectrogram 1	1	1455.105745831	1455.791303390	2434.499	1008.246	1455.1406	0.0465	1455.7500	0.9535	0.6094	0.6856	1088.000	2304.000	1376.000	1216.000	16.81	SS
445	Spectrogram 1	1	1456.318321784	1458.032215681	515.332	266.551	1456.4687	0.0826	1457.9375	0.9450	1.4688	1.7139	288.000	512.000	416.000	224.000	17.41	R
446	Spectrogram 1	1	1456.626826665	1457.698010351	2683.280	1101.744	1456.7187	0.0746	1457.5468	0.8657	0.8281	1.0712	1216.000	2560.000	1280.000	1344.000	16.76	S
555	Spectrogram 1	1	1456.920460807	1459.748385738	4330.057	3932.160	1456.9687	0.0167	1459.4843	0.9111	2.5156	2.8279	3936.000	4288.000	3936.000	352.000	16.96	P
447	Spectrogram 1	1	1457.518047512	1459.296212431	959.584	355.401	1457.8750	0.1964	1459.0156	0.8482	1.1406	1.7782	384.000	768.000	448.000	384.000	24.56	J
448	Spectrogram 1	1	1459.339059778	1460.131735706	2683.280	1092.267	1459.4218	0.1000	1460.0468	0.9000	0.6250	0.7927	1184.000	2624.000	2624.000	1440.000	15.91	SS
449	Spectrogram 1	1	1460.731598570	1462.231255730	497.562	231.011	1460.8906	0.1053	1462.1093	0.9263	1.2188	1.4997	256.000	448.000	352.000	192.000	21.86	R
450	Spectrogram 1	1	1461.202919392	1462.145561035	3163.072	1101.744	1461.2656	0.0667	1462.0937	0.9500	0.8281	0.9426	1216.000	3008.000	2400.000	1792.000	15.62	S
556	Spectrogram 1	1	1461.544224019	1463.900828128	4540.709	4400.274	1461.6093	0.0267	1463.8125	0.9667	2.2031	2.3566	4416.000	4512.000	4512.000	96.000	14.71	P
451	Spectrogram 1	1	1462.081290014	1463.688065543	959.584	319.861	1462.5000	0.2549	1463.3750	0.8039	0.8750	1.6068	384.000	768.000	576.000	384.000	24.02	J
452	Spectrogram 1	1	1463.238168395	1464.395046775	3358.542	1830.317	1463.4531	0.1781	1464.3125	0.9315	0.8594	1.1569	1952.000	3136.000	2208.000	1184.000	15.61	SW
453	Spectrogram 1	1	1464.973485966	1466.687379863	426.482	159.931	1465.1718	0.1111	1466.4687	0.8796	1.2969	1.7139	224.000	384.000	256.000	160.000	19.68	R
454	Spectrogram 1	1	1465.423383114	1466.687379863	3305.232	1137.284	1465.5468	0.0886	1466.5625	0.9114	1.0156	1.2640	1280.000	3136.000	1312.000	1856.000	17.59	S
557	Spectrogram 1	1	1465.807535089	1468.249833892	4259.840	3978.971	1465.8593	0.0194	1468.0000	0.9032	2.1406	2.4423	4000.000	4256.000	4096.000	256.000	14.26	P
455	Spectrogram 1	1	1466.515990473	1467.908529265	977.354	319.861	1466.8593	0.2386	1467.6875	0.8409	0.8281	1.3925	384.000	800.000	416.000	416.000	26.20	J
456	Spectrogram 1	1	1467.994223960	1468.594086824	2949.831	1155.282	1468.0625	0.1053	1468.5000	0.8421	0.4375	0.5999	1248.000	2848.000	2208.000	1600.000	15.28	SS
457	Spectrogram 1	1	1469.113605406	1470.334754807	550.872	213.241	1469.1718	0.0390	1470.2656	0.9481	1.0938	1.2211	224.000	512.000	256.000	288.000	11.98	R
458	Spectrogram 1	1	1469.434960511	1470.270483786	2860.980	995.124	1469.4843	0.0566	1470.2343	0.9623	0.7500	0.8355	1056.000	2656.000	1088.000	1600.000	17.18	S
558	Spectrogram 1	1	1469.856609421	1472.384602920	4493.897	4049.189	1469.9843	0.0497	1472.3281	0.9814	2.3438	2.5280	4064.000	4480.000	4224.000	416.000	16.83	P
459	Spectrogram 1	1	1470.656109913	1472.220038094	959.584	266.551	1471.2343	0.3700	1471.8593	0.7700	0.6250	1.5639	384.000	608.000	416.000	224.000	24.28	J
460	Spectrogram 1	1	1472.220038094	1472.798477285	2754.360	1777.007	1472.3437	0.1944	1472.7343	0.8889	0.3906	0.5784	1888.000	2752.000	2080.000	864.000	15.28	SS
559	Spectrogram 1	1	1476.044018242	1476.065441915	6553.600	842.606	1476.0468	0.0000	1476.0625	1.0000	0.0156	0.0214	896.000	4512.000	896.000	3616.000	14.99	break
