Selection	View	Channel	Begin Time (s)	End Time (s)	High Freq (Hz)	Low Freq (Hz)	Time 5% (s)	Time 5% Rel.	Time 95% (s)	Time 95% Rel.	Dur 90% (s)	Delta Time (s)	Freq 5% (Hz)	Freq 95% (Hz)	Peak Freq (Hz)	BW 90% (Hz)	SNR NIST Quick (dB)	QualName
1	Spectrogram 1	1	1.874999809	3.684210152	1981.100	928.100	2.1874	0.1607	3.5624	0.9464	1.3750	1.8092	960.000	1296.000	960.000	336.000	17.39	L
2	Spectrogram 1	1	5.197367892	6.644736166	1561.700	821.000	5.4374	0.1556	6.5624	0.9556	1.1250	1.4474	848.000	1248.000	896.000	400.000	17.12	L
3	Spectrogram 1	1	8.026314973	10.888156787	642.500	205.200	8.2499	0.0769	10.2812	0.7912	2.0312	2.8618	288.000	592.000	544.000	304.000	20.05	F
4	Spectrogram 1	1	12.138156660	14.769735340	642.500	205.200	12.5312	0.1446	14.6249	0.9518	2.0938	2.6316	224.000	592.000	496.000	368.000	18.09	F
5	Spectrogram 1	1	15.747080334	16.933344880	832.757	639.092	15.9374	0.1622	16.6874	0.8108	0.7500	1.1863	720.000	800.000	752.000	80.000	25.79	LS
6	Spectrogram 1	1	17.865597264	20.410524662	670.809	193.112	18.3749	0.1975	20.2499	0.9383	1.8750	2.5449	240.000	592.000	288.000	352.000	15.77	F
7	Spectrogram 1	1	22.384591601	24.105838196	629.409	154.931	22.5937	0.1111	23.8124	0.8333	1.2188	1.7212	256.000	576.000	528.000	320.000	18.40	F
8	Spectrogram 1	1	24.826900959	25.734044434	948.955	639.092	24.9374	0.1071	25.6249	0.8929	0.6875	0.9071	704.000	896.000	736.000	192.000	17.35	LS
9	Spectrogram 1	1	27.205433464	28.734595931	658.459	203.348	27.3124	0.0625	28.4062	0.7917	1.0938	1.5292	256.000	592.000	576.000	336.000	19.43	F
10	Spectrogram 1	1	29.176537624	30.386062258	784.340	629.409	29.4062	0.1842	30.2812	0.9211	0.8750	1.2095	656.000	736.000	704.000	80.000	21.29	LS
11	Spectrogram 1	1	31.409506180	33.386613755	610.043	193.664	31.5937	0.0806	33.2499	0.9355	1.6562	1.9771	224.000	560.000	528.000	336.000	18.64	F
12	Spectrogram 1	1	33.886664582	34.625514472	802.938	589.499	33.9999	0.1304	34.4999	0.8261	0.5000	0.7388	640.000	752.000	720.000	112.000	18.12	LS
13	Spectrogram 1	1	35.626861115	37.162026997	561.626	242.080	35.9374	0.1875	37.0937	0.9583	1.1562	1.5352	272.000	560.000	512.000	288.000	18.44	F
14	Spectrogram 1	1	38.220819070	39.557656228	1206.044	857.126	38.4374	0.1463	39.3437	0.8537	0.9062	1.3368	880.000	1104.000	912.000	224.000	17.60	L
15	Spectrogram 1	1	41.708194127	42.960134218	1158.670	843.593	41.9374	0.1795	42.8124	0.8974	0.8750	1.2519	896.000	1120.000	960.000	224.000	15.82	L
16	Spectrogram 1	1	44.684117294	46.633860058	1402.600	894.412	44.8749	0.0968	46.3749	0.8710	1.5000	1.9497	944.000	1248.000	1040.000	304.000	15.00	L
17	Spectrogram 1	1	47.439491120	48.433549519	1441.185	902.637	47.7812	0.3333	48.3437	0.9333	0.5625	0.9941	960.000	1136.000	976.000	176.000	12.79	L
18	Spectrogram 1	1	48.480984783	50.902770532	1471.526	802.938	48.7499	0.1053	50.4687	0.8289	1.7188	2.4218	864.000	1200.000	992.000	336.000	18.34	L
19	Spectrogram 1	1	51.826332894	54.330213076	1441.185	750.933	52.0624	0.0886	53.7499	0.7722	1.6875	2.5039	864.000	1088.000	976.000	224.000	18.59	L
20	Spectrogram 1	1	55.171681006	57.311519366	1361.945	772.447	55.5624	0.1791	56.9687	0.8507	1.4062	2.1398	880.000	1072.000	960.000	192.000	18.51	L
21	Spectrogram 1	1	58.605902203	61.485243775	568.889	204.800	58.9062	0.0989	61.2187	0.9121	2.3125	2.8793	240.000	544.000	304.000	304.000	17.24	F
22	Spectrogram 1	1	59.685992383	61.286833810	1616.040	802.938	60.0624	0.2353	61.1874	0.9412	1.1250	1.6008	880.000	1232.000	928.000	352.000	16.90	L
23	Spectrogram 1	1	62.513580051	65.598588877	523.378	174.459	62.8437	0.1020	65.1249	0.8469	2.2812	3.0850	208.000	512.000	240.000	304.000	17.61	F
24	Spectrogram 1	1	62.702521283	64.016032198	1666.859	935.067	62.9062	0.1463	63.8437	0.8780	0.9375	1.3135	976.000	1120.000	1024.000	144.000	18.93	L
25	Spectrogram 1	1	65.657920842	66.643054028	1361.945	904.576	65.8437	0.1667	66.5624	0.9333	0.7188	0.9851	960.000	1248.000	976.000	288.000	17.66	L
26	Spectrogram 1	1	68.674891225	70.193638220	1494.074	813.102	68.8437	0.1042	70.0312	0.8958	1.1875	1.5187	864.000	1264.000	1008.000	400.000	19.60	L
27	Spectrogram 1	1	68.820709208	70.911659635	652.326	174.459	69.0312	0.0909	70.7499	0.9242	1.7188	2.0910	224.000	592.000	256.000	368.000	16.09	F
28	Spectrogram 1	1	72.591275552	75.299227744	621.985	174.459	72.7499	0.0581	74.8124	0.8256	2.0625	2.7080	208.000	592.000	288.000	384.000	18.01	F
29	Spectrogram 1	1	72.861707266	74.667784775	1209.489	741.955	73.1249	0.1404	74.4999	0.9123	1.3750	1.8061	816.000	1024.000	816.000	208.000	21.37	L
30	Spectrogram 1	1	76.398463086	78.628369984	652.326	189.630	76.6874	0.1268	78.4999	0.9437	1.8125	2.2299	224.000	624.000	256.000	400.000	15.86	F
31	Spectrogram 1	1	76.769770938	78.596372054	1209.489	843.593	76.9999	0.1207	78.2187	0.7931	1.2188	1.8266	896.000	1152.000	976.000	256.000	17.28	L
32	Spectrogram 1	1	79.646370960	82.045944687	766.104	182.044	80.0937	0.1842	81.6562	0.8421	1.5625	2.3996	208.000	720.000	320.000	512.000	15.94	F
33	Spectrogram 1	1	80.074071834	81.880149342	1443.256	833.429	80.3749	0.1579	81.5624	0.8246	1.1875	1.8061	928.000	1264.000	976.000	336.000	17.27	L
34	Spectrogram 1	1	82.947376960	85.143403021	630.154	457.370	83.3124	0.1594	84.9062	0.8986	1.5938	2.1960	512.000	592.000	544.000	80.000	23.46	T
35	Spectrogram 1	1	86.818913795	88.583944087	680.973	152.457	86.9687	0.0727	88.4687	0.9455	1.5000	1.7650	192.000	624.000	304.000	432.000	18.33	F
36	Spectrogram 1	1	89.569077273	91.313583957	630.154	132.129	89.7812	0.1091	91.1874	0.9273	1.4062	1.7445	192.000	592.000	576.000	400.000	16.97	F
37	Spectrogram 1	1	92.627094872	93.037567033	660.645	548.844	92.7187	0.1667	92.9374	0.7500	0.2188	0.4105	592.000	624.000	608.000	32.000	18.40	LS
38	Spectrogram 1	1	94.186889084	95.582494431	579.335	233.767	94.4062	0.1591	95.4687	0.9318	1.0625	1.3956	272.000	560.000	496.000	288.000	21.14	F
39	Spectrogram 1	1	96.341867929	97.306477507	823.266	609.826	96.5312	0.2000	97.1874	0.9000	0.6562	0.9646	640.000	784.000	656.000	144.000	22.86	LS
40	Spectrogram 1	1	98.312134301	99.789834081	569.171	365.896	98.7812	0.3191	99.4374	0.7660	0.6562	1.4777	448.000	544.000	528.000	96.000	24.31	T
41	Spectrogram 1	1	100.138735418	101.103344996	874.084	589.499	100.2499	0.1000	100.9999	0.9000	0.7500	0.9646	640.000	800.000	720.000	160.000	20.93	LS
42	Spectrogram 1	1	101.461033651	103.569749957	705.422	189.630	101.7499	0.1343	103.3437	0.8955	1.5938	2.1087	240.000	640.000	592.000	400.000	16.94	F
43	Spectrogram 1	1	104.336164481	105.116061587	792.774	640.318	104.4374	0.1250	105.0312	0.9167	0.5938	0.7799	672.000	752.000	720.000	80.000	23.89	LS
44	Spectrogram 1	1	106.101194773	107.825177849	619.990	172.784	106.4062	0.1667	107.5937	0.8704	1.1875	1.7240	208.000	560.000	544.000	352.000	17.64	F
45	Spectrogram 1	1	108.174079186	109.056594332	843.593	589.499	108.3124	0.1481	108.9374	0.8889	0.6250	0.8825	624.000	784.000	720.000	160.000	22.65	LS
46	Spectrogram 1	1	110.041727518	111.868328634	772.447	243.931	110.2187	0.0877	111.7187	0.9298	1.5000	1.8266	272.000	720.000	624.000	448.000	19.38	F
47	Spectrogram 1	1	112.956079861	113.530740886	914.739	609.826	113.0937	0.2353	113.4374	0.8824	0.3438	0.5747	672.000	784.000	752.000	112.000	23.88	LS
48	Spectrogram 1	1	114.803204585	117.245513943	619.990	233.767	115.0312	0.0909	116.9374	0.8831	1.9062	2.4423	272.000	560.000	544.000	288.000	19.65	F
49	Spectrogram 1	1	118.402656799	119.590324603	591.644	485.452	118.5937	0.1622	119.4374	0.8919	0.8438	1.1877	512.000	576.000	528.000	64.000	19.15	T
50	Spectrogram 1	1	121.044611711	121.941422094	879.881	690.252	121.2499	0.2143	121.8124	0.8571	0.5625	0.8968	704.000	816.000	736.000	112.000	18.34	LS
51	Spectrogram 1	1	124.359335368	126.657979469	630.154	193.112	124.7187	0.1507	126.3749	0.8767	1.6562	2.2986	240.000	608.000	256.000	368.000	18.31	F
52	Spectrogram 1	1	127.201093800	127.782808643	743.348	652.326	127.3749	0.2778	127.7812	1.0000	0.4062	0.5817	656.000	720.000	688.000	64.000	25.48	LS
53	Spectrogram 1	1	128.049427946	128.752333382	743.348	644.741	128.1562	0.1364	128.6562	0.8636	0.5000	0.7029	688.000	720.000	704.000	32.000	19.91	LS
54	Spectrogram 1	1	128.122142302	130.812573451	591.644	257.896	128.3749	0.0930	130.5937	0.9186	2.2188	2.6904	288.000	576.000	560.000	288.000	16.26	F
55	Spectrogram 1	1	131.954120486	134.571837279	1388.089	872.296	132.3124	0.1325	134.3749	0.9277	2.0625	2.6177	912.000	1248.000	1056.000	336.000	14.56	L
56	Spectrogram 1	1	133.675026896	136.050362506	637.156	144.119	133.9062	0.0933	135.9374	0.9600	2.0312	2.3753	192.000	624.000	608.000	432.000	16.91	F
57	Spectrogram 1	1	134.814218464	136.680553586	1691.496	864.711	135.0624	0.1207	136.5624	0.9483	1.5000	1.8663	896.000	1344.000	912.000	448.000	14.31	L
58	Spectrogram 1	1	136.801744178	139.031651076	1501.867	841.956	137.1562	0.1549	138.8124	0.9014	1.6562	2.2299	864.000	1168.000	1056.000	304.000	15.86	L
59	Spectrogram 1	1	136.811274980	137.320275467	849.541	667.496	136.8437	0.0625	137.1874	0.7500	0.3438	0.5090	704.000	816.000	720.000	112.000	19.30	LS
60	Spectrogram 1	1	138.944229404	141.052945710	584.059	227.556	139.0937	0.0606	140.8437	0.9091	1.7500	2.1087	240.000	560.000	272.000	320.000	17.03	F
61	Spectrogram 1	1	140.834802644	143.961519926	1668.741	940.563	141.2499	0.1313	143.6874	0.9192	2.4375	3.1267	960.000	1312.000	976.000	352.000	14.91	L
62	Spectrogram 1	1	142.143661041	144.300853584	614.400	189.630	142.3124	0.0735	144.1562	0.9412	1.8438	2.1572	240.000	576.000	304.000	336.000	16.35	F
63	Spectrogram 1	1	144.323092312	145.341093287	1372.919	940.563	144.4687	0.1290	145.2812	0.9677	0.8125	1.0180	976.000	1088.000	1008.000	112.000	16.88	L
64	Spectrogram 1	1	146.165189315	147.861857607	1539.793	841.956	146.5624	0.2264	147.6562	0.8868	1.0938	1.6967	864.000	1120.000	880.000	256.000	15.07	L
65	Spectrogram 1	1	146.385331772	147.936571353	614.400	159.289	146.5312	0.0833	147.8124	0.9375	1.2812	1.5512	192.000	608.000	560.000	416.000	15.48	F
66	Spectrogram 1	1	149.752430847	151.473337258	1592.889	667.496	149.9687	0.1111	151.3437	0.9259	1.3750	1.7209	752.000	1088.000	816.000	336.000	16.73	L
67	Spectrogram 1	1	151.637827572	153.310257746	1623.230	1046.756	151.8437	0.1154	152.9999	0.8269	1.1562	1.6724	1072.000	1488.000	1088.000	416.000	13.61	L
68	Spectrogram 1	1	153.843496352	155.799385493	1744.593	821.420	154.2187	0.1935	155.6562	0.9355	1.4375	1.9559	896.000	1280.000	1040.000	384.000	17.94	L
69	Spectrogram 1	1	157.497040939	159.483234321	1776.043	843.621	158.0312	0.2698	159.3124	0.9206	1.2812	1.9862	880.000	1120.000	992.000	240.000	17.00	L
70	Spectrogram 1	1	161.256135140	163.196312793	1753.843	821.420	161.6874	0.2131	162.9374	0.8689	1.2500	1.9402	896.000	1088.000	1040.000	192.000	16.42	L
71	Spectrogram 1	1	166.061649173	167.880565722	1083.929	896.326	166.1249	0.0345	167.5624	0.8276	1.4375	1.8189	944.000	1072.000	1072.000	128.000	19.04	L
72	Spectrogram 1	1	168.850654548	170.517994718	1229.842	792.102	169.1562	0.1731	170.3437	0.9038	1.1875	1.6673	816.000	1040.000	896.000	224.000	20.50	L
73	Spectrogram 1	1	172.306595991	174.640872229	1344.489	854.636	172.6562	0.1486	174.2187	0.8243	1.5625	2.3343	880.000	1088.000	992.000	208.000	19.41	L
74	Spectrogram 1	1	175.762537434	178.096813672	604.499	250.137	175.9687	0.0811	177.8437	0.8919	1.8750	2.3343	304.000	576.000	528.000	272.000	20.38	F
75	Spectrogram 1	1	181.188971805	183.038203630	760.835	208.448	181.6562	0.2414	182.9374	0.9483	1.2812	1.8492	272.000	656.000	368.000	384.000	19.15	F
76	Spectrogram 1	1	183.947661905	185.099642386	792.102	646.188	184.1249	0.1389	184.9687	0.8889	0.8438	1.1520	688.000	768.000	736.000	80.000	22.00	LS
77	Spectrogram 1	1	186.263570132	188.446269991	656.611	145.913	186.4062	0.0580	188.2499	0.9130	1.8438	2.1827	224.000	624.000	576.000	400.000	17.77	F
78	Spectrogram 1	1	188.931314404	190.174240712	771.257	625.344	189.1249	0.1538	189.9687	0.8462	0.8438	1.2429	672.000	736.000	720.000	64.000	31.81	LS
79	Spectrogram 1	1	191.386851745	193.812073810	646.188	239.715	191.6874	0.1184	193.4687	0.8684	1.7812	2.4252	272.000	624.000	288.000	352.000	20.37	F
80	Spectrogram 1	1	194.024280741	195.055000119	771.257	646.188	194.0937	0.0625	194.8749	0.8438	0.7812	1.0307	672.000	736.000	720.000	64.000	18.89	LS
81	Spectrogram 1	1	196.297926427	198.450311010	614.921	166.758	196.4374	0.0588	198.0937	0.8382	1.6562	2.1524	224.000	544.000	512.000	320.000	20.96	F
82	Spectrogram 1	1	201.148370558	204.210213415	781.679	218.870	201.4999	0.1134	203.7812	0.8660	2.2812	3.0618	240.000	624.000	272.000	384.000	19.56	F
83	Spectrogram 1	1	208.587560974	210.770260833	635.766	177.181	208.9999	0.1884	210.5937	0.9275	1.5938	2.1827	224.000	592.000	240.000	368.000	18.62	F
84	Spectrogram 1	1	211.346251073	212.164763520	792.102	667.033	211.4687	0.1200	212.0312	0.8400	0.5625	0.8185	704.000	784.000	752.000	80.000	20.22	LS
85	Spectrogram 1	1	213.438005105	215.317552205	1334.066	687.878	213.7499	0.1525	215.1874	0.9322	1.4375	1.8795	736.000	1008.000	848.000	272.000	17.63	L
86	Spectrogram 1	1	216.528339417	219.630818581	591.644	212.385	216.9999	0.1515	219.2187	0.8687	2.2188	3.1025	240.000	560.000	528.000	320.000	18.49	F
87	Spectrogram 1	1	217.257729858	218.712863097	1136.041	760.835	217.4374	0.1111	218.4999	0.8667	1.0625	1.4551	816.000	1040.000	896.000	224.000	18.66	L
88	Spectrogram 1	1	220.653040749	222.775110056	1782.229	802.524	221.1874	0.2537	222.5624	0.9104	1.3750	2.1221	864.000	1024.000	880.000	160.000	15.44	L
89	Spectrogram 1	1	223.076963631	225.815871017	697.837	166.874	223.6249	0.1954	225.3437	0.8276	1.7188	2.7389	256.000	608.000	288.000	352.000	17.54	F
90	Spectrogram 1	1	225.260962673	227.443662532	1427.868	792.102	225.6874	0.1884	226.9062	0.7536	1.2188	2.1827	848.000	1104.000	912.000	256.000	18.22	L
91	Spectrogram 1	1	228.101084476	229.797752769	1406.593	776.440	228.2812	0.0943	229.4999	0.8302	1.2188	1.6967	832.000	1264.000	1248.000	432.000	20.66	L
92	Spectrogram 1	1	230.934757494	232.844619870	1532.092	750.412	231.3749	0.2295	232.4374	0.7869	1.0625	1.9099	848.000	1120.000	896.000	272.000	18.88	L
93	Spectrogram 1	1	245.992011220	248.117239523	589.461	136.030	246.2812	0.1343	247.8437	0.8806	1.5625	2.1252	192.000	544.000	224.000	352.000	17.54	F
94	Spectrogram 1	1	248.982692399	251.091408705	1334.993	758.519	249.3437	0.1667	250.6249	0.7879	1.2812	2.1087	848.000	1120.000	960.000	272.000	17.72	L
95	Spectrogram 1	1	251.204577461	253.119388819	1390.524	952.207	251.4062	0.1000	252.8437	0.8667	1.4375	1.9148	1008.000	1232.000	1056.000	224.000	15.09	L
96	Spectrogram 1	1	253.539458670	254.896793304	1426.015	834.370	253.7499	0.1429	254.6249	0.8095	0.8750	1.3573	912.000	1184.000	928.000	272.000	17.36	L
97	Spectrogram 1	1	257.029747728	259.089987798	1441.185	804.030	257.2499	0.1077	258.5624	0.7538	1.3125	2.0602	880.000	1120.000	976.000	240.000	16.62	L
98	Spectrogram 1	1	260.160119351	262.511216842	641.407	180.044	260.4999	0.1351	262.0624	0.8108	1.5625	2.3511	240.000	624.000	304.000	384.000	19.52	F
99	Spectrogram 1	1	260.534253678	262.085493259	1224.266	755.720	260.7499	0.1250	261.8124	0.8333	1.0625	1.5512	848.000	1072.000	848.000	224.000	20.83	L
100	Spectrogram 1	1	263.375435467	266.187057209	708.923	180.044	263.8124	0.1477	265.8124	0.8750	2.0000	2.8116	192.000	640.000	192.000	448.000	20.62	F
101	Spectrogram 1	1	266.211295327	266.938438881	753.934	630.154	266.4062	0.2609	266.9062	0.9565	0.5000	0.7271	672.000	720.000	704.000	48.000	16.74	LS
102	Spectrogram 1	1	267.606607753	268.139846359	876.635	574.347	267.7187	0.1875	268.0624	0.8750	0.3438	0.5332	656.000	816.000	672.000	160.000	16.34	LS
103	Spectrogram 1	1	268.538154700	271.349776441	753.934	123.780	268.9999	0.1573	270.8124	0.8090	1.8125	2.8116	208.000	720.000	560.000	512.000	19.72	F
104	Spectrogram 1	1	271.495205152	272.997968497	843.956	540.132	271.7812	0.1915	272.8437	0.9149	1.0625	1.5028	576.000	768.000	704.000	192.000	17.95	LS
105	Spectrogram 1	1	274.040207590	276.706400621	753.934	157.538	274.3124	0.0952	276.3124	0.8571	2.0000	2.6662	224.000	672.000	608.000	448.000	18.81	F
106	Spectrogram 1	1	278.704634870	279.625683372	1012.747	776.440	278.7812	0.0690	279.4062	0.7586	0.6250	0.9210	880.000	960.000	912.000	80.000	22.48	LS
107	Spectrogram 1	1	281.490019102	283.259401750	1676.659	843.956	281.8437	0.1964	282.9062	0.8036	1.0625	1.7694	880.000	1008.000	944.000	128.000	15.24	L
108	Spectrogram 1	1	285.484132134	287.786753387	1361.582	911.473	286.4687	0.4247	287.4687	0.8630	1.0000	2.3026	944.000	1056.000	960.000	112.000	16.55	L
109	Spectrogram 1	1	289.362231087	291.373994920	1249.055	821.451	289.7187	0.1746	291.0624	0.8571	1.3438	2.0118	864.000	1040.000	880.000	176.000	18.21	L
110	Spectrogram 1	1	293.119139449	294.912760215	1181.538	956.484	293.8437	0.4035	294.7187	0.8947	0.8750	1.7936	992.000	1088.000	1024.000	96.000	22.16	L
111	Spectrogram 1	1	296.395285675	298.479763863	663.912	236.308	296.7812	0.1818	298.3749	0.9545	1.5938	2.0845	288.000	592.000	304.000	304.000	17.30	F
112	Spectrogram 1	1	300.056419296	302.601421735	641.407	112.527	300.3124	0.0988	302.0624	0.7901	1.7500	2.5450	208.000	576.000	320.000	368.000	18.62	F
113	Spectrogram 1	1	303.692137065	305.461519713	697.670	135.033	303.8749	0.0909	305.2499	0.8909	1.3750	1.7694	176.000	640.000	192.000	464.000	18.41	F
114	Spectrogram 1	1	313.215718230	314.354909798	855.209	596.396	313.4062	0.1667	314.2187	0.8889	0.8125	1.1392	672.000	800.000	704.000	128.000	22.38	LS
115	Spectrogram 1	1	316.870497603	318.421737184	641.407	315.077	317.0937	0.1429	318.3124	0.9388	1.2188	1.5512	368.000	592.000	528.000	224.000	22.13	F
116	Spectrogram 1	1	321.952148840	324.375960686	641.407	146.286	322.2812	0.1299	324.1562	0.9091	1.8750	2.4238	192.000	608.000	592.000	416.000	16.93	F
117	Spectrogram 1	1	325.741533791	327.680583268	686.418	112.527	325.9999	0.1311	327.4062	0.8689	1.4062	1.9390	144.000	640.000	160.000	496.000	18.43	F
118	Spectrogram 1	1	331.739057587	333.411487760	731.429	112.527	331.9687	0.1321	333.2499	0.9057	1.2812	1.6724	176.000	656.000	608.000	480.000	18.79	F
119	Spectrogram 1	1	334.356774380	335.568680304	877.714	607.648	334.6249	0.2105	335.3437	0.8158	0.7188	1.2119	672.000	816.000	800.000	144.000	20.83	LS
120	Spectrogram 1	1	336.295823857	339.567969850	1181.538	641.407	336.6874	0.1154	338.9687	0.8173	2.2812	3.2721	784.000	960.000	848.000	176.000	16.54	L
121	Spectrogram 1	1	341.029788939	343.041552772	2081.758	742.681	341.4999	0.2344	342.9374	0.9531	1.4375	2.0118	800.000	1152.000	800.000	352.000	18.60	L
122	Spectrogram 1	1	350.532633629	352.011158856	1330.066	785.948	350.8437	0.1957	351.7499	0.8261	0.9062	1.4785	864.000	1104.000	912.000	240.000	17.78	L
123	Spectrogram 1	1	358.884432469	361.356720552	619.690	196.487	359.2187	0.1282	360.8124	0.7821	1.5938	2.4723	272.000	544.000	512.000	272.000	18.36	F
124	Spectrogram 1	1	361.170843724	362.649368950	1204.044	832.703	361.4374	0.1739	362.4999	0.9130	1.0625	1.4785	880.000	1072.000	928.000	192.000	19.44	L
125	Spectrogram 1	1	364.095302418	365.670780118	1260.308	776.440	364.3749	0.1633	365.4999	0.8980	1.1250	1.5755	832.000	1088.000	880.000	256.000	20.37	L
126	Spectrogram 1	1	366.470638027	367.512877121	765.187	607.648	366.5937	0.0938	367.3124	0.8125	0.7188	1.0422	672.000	720.000	688.000	48.000	25.02	LS
127	Spectrogram 1	1	423.662954434	426.207956873	1541.668	695.262	423.9999	0.1250	425.7812	0.8375	1.7812	2.5450	784.000	1088.000	880.000	304.000	18.12	L
128	Spectrogram 1	1	428.147006350	429.577055339	1058.007	755.720	428.5937	0.3111	429.4999	0.9556	0.9062	1.4300	800.000	976.000	960.000	176.000	19.92	L
129	Spectrogram 1	1	431.171598640	433.643886724	1946.725	765.187	431.5937	0.1667	433.0312	0.7564	1.4375	2.4723	832.000	1136.000	976.000	304.000	15.59	L
130	Spectrogram 1	1	435.073935713	436.819080242	1249.055	697.670	435.4062	0.1818	436.5937	0.8727	1.1875	1.7451	816.000	1056.000	880.000	240.000	18.56	L
131	Spectrogram 1	1	438.006748047	440.382083656	742.681	157.538	438.3124	0.1200	440.2499	0.9467	1.9375	2.3753	208.000	720.000	592.000	512.000	19.81	F
132	Spectrogram 1	1	440.695179805	442.585753045	821.451	652.659	441.1562	0.2373	442.1874	0.7966	1.0312	1.8906	720.000	784.000	736.000	64.000	23.06	L
133	Spectrogram 1	1	443.143229770	445.688232208	810.198	202.549	443.8437	0.2716	445.4999	0.9259	1.6562	2.5450	240.000	704.000	336.000	464.000	19.97	F
134	Spectrogram 1	1	447.312186145	449.299711859	753.934	146.286	447.6249	0.1587	449.2187	0.9683	1.5938	1.9875	176.000	640.000	192.000	464.000	17.48	F
135	Spectrogram 1	1	449.035773685	452.623015217	1194.037	906.863	449.4687	0.1150	451.9999	0.8319	2.5312	3.5872	960.000	1136.000	1088.000	176.000	16.21	L
136	Spectrogram 1	1	451.917428653	453.105096457	708.923	551.385	452.0624	0.1081	452.9374	0.8649	0.8750	1.1877	592.000	672.000	640.000	80.000	17.45	LS
137	Spectrogram 1	1	454.109567850	456.509141577	663.912	123.780	454.3749	0.1053	456.1874	0.8684	1.8125	2.3996	192.000	560.000	544.000	368.000	19.21	F
138	Spectrogram 1	1	463.408651699	465.081081873	753.934	135.033	463.6562	0.1346	464.9062	0.9038	1.2500	1.6724	160.000	640.000	192.000	480.000	16.88	F
139	Spectrogram 1	1	465.977892256	467.747274904	810.198	135.033	466.0937	0.0545	467.5624	0.9091	1.4688	1.7694	192.000	752.000	336.000	560.000	16.49	F
140	Spectrogram 1	1	495.271781094	497.962212243	1372.835	843.956	495.6874	0.1529	497.4374	0.8118	1.7500	2.6904	880.000	1216.000	912.000	336.000	19.52	L
141	Spectrogram 1	1	498.883260744	501.743358723	1845.451	866.462	499.2812	0.1333	501.1874	0.8111	1.9062	2.8601	912.000	1200.000	976.000	288.000	19.45	L
142	Spectrogram 1	1	504.320130691	506.937847485	2351.824	877.714	504.7812	0.1687	506.4062	0.7952	1.6250	2.6177	912.000	1280.000	928.000	368.000	16.18	L
143	Spectrogram 1	1	508.319420237	510.161517240	1620.396	787.692	508.5937	0.1379	509.7812	0.7931	1.1875	1.8421	880.000	1136.000	992.000	256.000	16.45	L
144	Spectrogram 1	1	511.955138006	513.457901351	1744.176	776.440	512.3124	0.2340	513.2499	0.8723	0.9375	1.5028	848.000	1168.000	864.000	320.000	15.61	L
145	Spectrogram 1	1	516.116919047	519.049731381	1890.462	866.462	516.5312	0.1398	518.5624	0.8387	2.0312	2.9328	880.000	1424.000	992.000	544.000	17.97	L
146	Spectrogram 1	1	520.164684830	522.176448662	2036.747	922.725	520.6874	0.2540	521.8749	0.8571	1.1875	2.0118	960.000	1392.000	976.000	432.000	15.64	L
147	Spectrogram 1	1	523.582259533	525.739452076	618.901	202.549	523.8437	0.1176	525.5312	0.9118	1.6875	2.1572	272.000	544.000	512.000	272.000	18.93	F
148	Spectrogram 1	1	529.393053715	531.429055666	630.154	168.791	529.7499	0.1719	531.2812	0.9375	1.5312	2.0360	192.000	608.000	592.000	416.000	19.86	F
149	Spectrogram 1	1	532.883342774	534.676963540	742.681	168.791	533.3124	0.2321	534.4687	0.8929	1.1562	1.7936	176.000	704.000	688.000	528.000	19.82	F
150	Spectrogram 1	1	535.351632646	537.290682123	607.648	213.802	535.6562	0.1475	536.9687	0.8361	1.3125	1.9390	256.000	576.000	528.000	320.000	20.49	F
151	Spectrogram 1	1	537.751206374	538.551064283	798.945	663.912	537.9374	0.2083	538.3749	0.7917	0.4375	0.7999	704.000	752.000	720.000	48.000	28.72	LS
152	Spectrogram 1	1	539.833685171	542.184782662	596.396	123.780	540.0624	0.0946	541.7499	0.8243	1.6875	2.3511	144.000	560.000	528.000	416.000	20.93	F
153	Spectrogram 1	1	543.243233610	544.915663784	1088.236	740.605	543.4062	0.0943	544.6562	0.8491	1.2500	1.6724	848.000	1008.000	880.000	160.000	15.94	L
154	Spectrogram 1	1	545.529643009	546.232548445	596.396	461.363	545.7187	0.2727	546.0937	0.8182	0.3750	0.7029	512.000	592.000	560.000	80.000	21.55	LS
155	Spectrogram 1	1	546.329500919	547.589883079	551.385	112.527	546.4999	0.1282	547.4374	0.8974	0.9375	1.2604	160.000	528.000	176.000	368.000	18.31	F
156	Spectrogram 1	1	549.747075622	552.049696876	697.670	213.802	549.9374	0.0822	551.9374	0.9589	2.0000	2.3026	240.000	592.000	272.000	352.000	17.44	F
157	Spectrogram 1	1	554.949917452	555.701299124	855.209	630.154	555.0624	0.1304	555.6874	1.0000	0.6250	0.7514	672.000	832.000	704.000	160.000	21.25	LS
158	Spectrogram 1	1	555.919442190	557.373729298	1406.593	877.714	556.2499	0.2222	557.1249	0.8444	0.8750	1.4543	912.000	1152.000	960.000	240.000	21.31	L
159	Spectrogram 1	1	559.021921353	561.009447067	1361.582	742.681	559.4374	0.2063	560.5937	0.7937	1.1562	1.9875	816.000	1024.000	912.000	208.000	19.37	L
160	Spectrogram 1	1	563.337307214	565.276356691	1429.099	843.956	563.8124	0.2459	564.8749	0.8033	1.0625	1.9390	880.000	1024.000	896.000	144.000	22.15	L
161	Spectrogram 1	1	566.560976969	568.645455157	1260.308	855.209	566.9687	0.1970	568.1874	0.7879	1.2188	2.0845	912.000	1104.000	976.000	192.000	20.61	L
162	Spectrogram 1	1	569.445313066	572.378125400	1350.330	697.670	570.0624	0.2043	571.9999	0.8710	1.9375	2.9328	832.000	1152.000	1008.000	320.000	19.45	L
163	Spectrogram 1	1	573.977841219	576.450129302	1271.560	720.176	574.4687	0.1923	575.9374	0.7949	1.4688	2.4723	832.000	1040.000	912.000	208.000	23.02	L
164	Spectrogram 1	1	577.955248113	580.136678775	1260.308	731.429	578.1249	0.0725	579.8749	0.8841	1.7500	2.1814	800.000	1168.000	816.000	368.000	18.50	L
165	Spectrogram 1	1	581.397060935	584.232920795	652.659	213.802	581.5937	0.0667	583.5312	0.7556	1.9375	2.8359	256.000	560.000	544.000	304.000	20.52	F
166	Spectrogram 1	1	586.317398982	588.062543512	596.396	157.538	586.5312	0.1091	587.9374	0.9273	1.4062	1.7451	192.000	576.000	560.000	384.000	19.46	F
167	Spectrogram 1	1	588.242919447	589.479063489	641.407	213.802	588.3437	0.0769	589.3437	0.8974	1.0000	1.2361	272.000	560.000	320.000	288.000	19.21	F
168	Spectrogram 1	1	590.545540701	591.587779795	765.187	585.143	590.6249	0.0625	591.3437	0.7812	0.7188	1.0422	656.000	736.000	736.000	80.000	28.12	LS
169	Spectrogram 1	1	592.242208993	595.053830735	652.659	168.791	593.1249	0.3146	594.2187	0.7079	1.0938	2.8116	272.000	560.000	512.000	288.000	19.67	F
170	Spectrogram 1	1	596.289974777	598.447167320	607.648	236.308	596.7812	0.2206	598.2187	0.8971	1.4375	2.1572	256.000	544.000	528.000	288.000	19.90	F
171	Spectrogram 1	1	600.594007404	601.660484616	810.198	551.385	600.9687	0.3333	601.5937	0.9394	0.6250	1.0665	624.000	768.000	752.000	144.000	18.95	LS
172	Spectrogram 1	1	602.799676184	604.835678134	686.418	157.538	603.0624	0.1250	604.7499	0.9688	1.6875	2.0360	192.000	608.000	208.000	416.000	18.60	F
173	Spectrogram 1	1	606.168774650	608.229014719	641.407	101.275	606.2812	0.0462	608.1562	0.9692	1.8750	2.0602	160.000	576.000	176.000	416.000	19.10	F
174	Spectrogram 1	1	609.993220852	611.932270329	720.176	123.780	610.1874	0.0984	611.7499	0.9180	1.5625	1.9390	144.000	640.000	176.000	496.000	19.23	F
175	Spectrogram 1	1	613.580462384	615.107463847	708.923	123.780	613.8124	0.1458	615.0312	0.9583	1.2188	1.5270	144.000	624.000	176.000	480.000	18.07	F
176	Spectrogram 1	1	617.022275206	619.615753881	742.681	123.780	617.3124	0.1098	619.4687	0.9512	2.1562	2.5935	144.000	720.000	160.000	576.000	15.99	F
177	Spectrogram 1	1	617.618380042	619.630143875	1118.465	876.635	617.7812	0.0781	619.3749	0.8750	1.5938	2.0118	912.000	1040.000	960.000	128.000	16.36	L
178	Spectrogram 1	1	621.108669101	623.265861644	1284.723	846.406	621.3749	0.1176	622.9062	0.8382	1.5312	2.1572	880.000	1152.000	944.000	272.000	15.64	L
179	Spectrogram 1	1	622.813186127	624.849188078	731.429	146.286	623.0937	0.1250	624.5937	0.8750	1.5000	2.0360	208.000	720.000	608.000	512.000	20.32	F
180	Spectrogram 1	1	626.534326178	627.188755376	1159.033	832.703	626.5937	0.0500	627.1562	0.9500	0.5625	0.6544	880.000	1088.000	896.000	208.000	16.98	L
181	Spectrogram 1	1	628.776941573	631.467372723	1271.560	753.934	629.2499	0.1765	631.2812	0.9412	2.0312	2.6904	800.000	1088.000	800.000	288.000	17.82	L
182	Spectrogram 1	1	632.121801921	634.763756833	1530.374	776.440	632.6249	0.1905	634.4999	0.9048	1.8750	2.6420	816.000	1024.000	928.000	208.000	20.65	L
183	Spectrogram 1	1	636.098031082	639.806463207	1282.813	798.945	636.3749	0.0684	639.3749	0.8889	3.0000	3.7084	848.000	1056.000	912.000	208.000	17.48	L
184	Spectrogram 1	1	641.236512196	643.248276028	1361.582	720.176	641.6249	0.1905	642.9687	0.8730	1.3438	2.0118	880.000	1120.000	976.000	240.000	21.23	L
185	Spectrogram 1	1	644.855523258	646.988477682	1620.396	888.967	645.1874	0.1493	646.6249	0.8358	1.4375	2.1330	944.000	1264.000	960.000	320.000	19.15	L
186	Spectrogram 1	1	649.388051410	651.811863256	1721.670	843.956	649.7499	0.1447	651.6562	0.9474	1.9062	2.4238	864.000	1408.000	880.000	544.000	17.28	L
187	Spectrogram 1	1	653.096483535	654.599246879	1485.363	686.418	653.5312	0.2766	654.4374	0.8936	0.9062	1.5028	768.000	1040.000	832.000	272.000	15.70	L
188	Spectrogram 1	1	657.171347237	658.092395739	770.834	483.661	657.3124	0.1429	657.9999	0.9286	0.6875	0.9210	560.000	736.000	720.000	176.000	17.39	LS
189	Spectrogram 1	1	659.042353969	661.005641564	697.670	101.275	659.4062	0.1774	660.8124	0.9032	1.4062	1.9633	160.000	576.000	176.000	416.000	19.30	F
190	Spectrogram 1	1	662.775024212	665.150359821	641.407	146.286	663.2499	0.2000	665.0312	0.9600	1.7812	2.3753	176.000	576.000	192.000	400.000	16.57	F
191	Spectrogram 1	1	666.364936481	668.318775404	574.347	136.030	666.5312	0.0806	668.1249	0.9032	1.5938	1.9538	176.000	560.000	192.000	384.000	14.48	F
192	Spectrogram 1	1	669.553026990	671.734457651	604.576	105.801	669.7812	0.1014	671.4687	0.8841	1.6875	2.1814	176.000	576.000	304.000	400.000	15.84	F
193	Spectrogram 1	1	672.736069242	675.402262273	742.681	135.033	673.2812	0.2024	675.1562	0.9167	1.8750	2.6662	192.000	688.000	192.000	496.000	16.48	F
194	Spectrogram 1	1	678.116931541	680.201409728	686.418	213.802	678.3749	0.1212	680.0312	0.9242	1.6562	2.0845	256.000	608.000	272.000	352.000	19.31	F
195	Spectrogram 1	1	680.941437596	681.838247979	925.393	667.496	681.0624	0.1111	681.6874	0.8519	0.6250	0.8968	704.000	864.000	816.000	160.000	19.35	LS
196	Spectrogram 1	1	683.102808038	685.017619396	742.681	270.066	683.4999	0.2000	684.9062	0.9500	1.4062	1.9148	288.000	688.000	304.000	400.000	18.46	F
197	Spectrogram 1	1	687.864333732	690.160951414	686.418	157.538	688.0624	0.0822	690.0312	0.9452	1.9688	2.2966	240.000	592.000	576.000	352.000	15.09	F
198	Spectrogram 1	1	691.586149499	693.597913332	675.165	157.538	691.7499	0.0781	693.3749	0.8906	1.6250	2.0118	240.000	608.000	240.000	368.000	19.56	F
199	Spectrogram 1	1	693.791818279	696.845821206	720.176	213.802	694.2187	0.1340	696.4374	0.8660	2.2188	3.0540	240.000	656.000	576.000	416.000	19.70	F
200	Spectrogram 1	1	698.300108313	700.166443435	753.934	146.286	698.4999	0.1017	699.9062	0.8644	1.4062	1.8663	208.000	704.000	272.000	496.000	17.97	F
201	Spectrogram 1	1	700.989044977	703.824904837	726.384	191.685	701.2499	0.0889	703.5624	0.9111	2.3125	2.8359	224.000	592.000	256.000	368.000	15.26	F
202	Spectrogram 1	1	705.324192887	707.003808803	652.659	382.593	705.4999	0.0943	706.7499	0.8491	1.2500	1.6796	448.000	592.000	560.000	144.000	19.93	LS
203	Spectrogram 1	1	707.731194700	709.015814978	849.541	667.496	707.8749	0.1000	708.8124	0.8500	0.9375	1.2846	688.000	832.000	704.000	144.000	23.03	LS
204	Spectrogram 1	1	708.603766964	710.833673863	637.156	189.630	708.8749	0.1143	710.6874	0.9429	1.8125	2.2299	224.000	592.000	256.000	368.000	15.10	F
205	Spectrogram 1	1	712.161769643	714.818305022	652.659	382.593	712.6874	0.1905	714.4999	0.8810	1.8125	2.6565	464.000	608.000	512.000	144.000	20.06	T
206	Spectrogram 1	1	715.487392608	717.281013374	614.400	159.289	715.5937	0.0536	717.1874	0.9643	1.5938	1.7936	192.000	592.000	208.000	400.000	15.38	F
207	Spectrogram 1	1	715.728808897	716.500061104	922.725	652.659	715.8749	0.1667	716.3749	0.8333	0.5000	0.7713	688.000	832.000	704.000	144.000	19.65	LS
208	Spectrogram 1	1	718.323252468	720.795540551	621.985	151.704	718.6874	0.1410	720.4999	0.8846	1.8125	2.4723	176.000	576.000	224.000	400.000	15.05	F
209	Spectrogram 1	1	719.413967798	721.910494000	1274.311	819.200	719.9999	0.2278	721.5312	0.8481	1.5312	2.4965	880.000	1216.000	976.000	336.000	17.51	L
210	Spectrogram 1	1	723.703342752	725.795096784	1136.041	823.369	723.9687	0.1212	725.4999	0.8636	1.5312	2.0918	880.000	1072.000	944.000	192.000	19.31	L
211	Spectrogram 1	1	728.250634125	729.796713192	1281.954	833.791	728.4062	0.0833	729.3749	0.7292	0.9688	1.5461	880.000	1168.000	976.000	288.000	19.09	L
212	Spectrogram 1	1	730.493964535	732.676664394	1344.489	875.481	731.1249	0.2899	732.4374	0.8986	1.3125	2.1827	928.000	1072.000	960.000	144.000	21.24	L
213	Spectrogram 1	1	734.190866466	735.476286810	1395.341	787.692	734.3437	0.1000	735.2812	0.8500	0.9375	1.2854	848.000	1168.000	896.000	320.000	15.88	L
214	Spectrogram 1	1	737.022727905	739.349587278	652.326	204.800	737.3124	0.1216	739.1249	0.9054	1.8125	2.3269	240.000	608.000	288.000	368.000	19.66	F
215	Spectrogram 1	1	767.018775439	769.126864804	708.923	123.780	767.1562	0.0597	768.9374	0.9104	1.7812	2.1081	176.000	656.000	640.000	480.000	17.75	F
216	Spectrogram 1	1	772.828015920	775.364578733	765.187	101.275	773.1874	0.1375	775.2812	0.9750	2.0938	2.5366	160.000	672.000	160.000	512.000	18.06	F
217	Spectrogram 1	1	776.632860140	777.764030043	1327.824	708.923	776.7812	0.1143	777.7187	0.9714	0.9375	1.1312	784.000	1152.000	816.000	368.000	17.20	L
218	Spectrogram 1	1	778.123947740	779.323673394	1429.099	832.703	778.2812	0.1316	779.1874	0.8947	0.9062	1.1997	896.000	1136.000	960.000	240.000	16.64	L
219	Spectrogram 1	1	780.236147907	782.176325559	1853.745	754.818	780.6249	0.1967	781.9999	0.9180	1.3750	1.9402	800.000	1216.000	896.000	416.000	20.35	L
220	Spectrogram 1	1	782.236956111	783.207044937	1476.336	821.420	782.3437	0.1000	783.1562	0.9667	0.8125	0.9701	912.000	1296.000	1120.000	384.000	16.44	L
221	Spectrogram 1	1	784.025557384	787.996463467	1798.244	843.621	784.3749	0.0873	787.4687	0.8730	3.0938	3.9709	896.000	1088.000	912.000	192.000	18.29	L
222	Spectrogram 1	1	788.633084259	792.392178460	1898.146	632.715	789.1874	0.1429	792.1249	0.9328	2.9375	3.7591	752.000	1136.000	896.000	384.000	17.14	L
223	Spectrogram 1	1	793.023812443	795.934078921	1177.730	739.990	793.4687	0.1522	795.7499	0.9457	2.2812	2.9103	784.000	1056.000	832.000	272.000	16.23	L
224	Spectrogram 1	1	796.272533765	799.273746071	1209.930	854.721	796.8124	0.1789	798.7812	0.8421	1.9688	3.0012	912.000	1088.000	944.000	176.000	20.02	L
225	Spectrogram 1	1	800.819825137	804.154505477	1132.228	632.715	801.5937	0.2286	803.7812	0.8952	2.1875	3.3347	688.000	944.000	720.000	256.000	16.65	L
226	Spectrogram 1	1	805.122966785	806.365893094	594.076	198.025	805.2499	0.1026	806.2499	0.9231	1.0000	1.2429	208.000	544.000	528.000	336.000	18.07	F
227	Spectrogram 1	1	807.032829162	808.548592953	792.102	614.921	807.3437	0.1915	808.3124	0.8511	0.9688	1.5158	656.000	736.000	672.000	80.000	22.76	LS
228	Spectrogram 1	1	809.397420675	811.367913603	646.188	208.448	809.6874	0.1452	811.2187	0.9355	1.5312	1.9705	240.000	592.000	256.000	352.000	18.16	F
229	Spectrogram 1	1	812.095480223	813.004938498	719.145	583.654	812.2812	0.1786	812.8124	0.7857	0.5312	0.9095	624.000	704.000	656.000	80.000	24.57	LS
230	Spectrogram 1	1	814.005342600	815.975835528	562.809	187.603	814.2812	0.1290	815.5937	0.8065	1.3125	1.9705	240.000	560.000	512.000	320.000	17.78	F
231	Spectrogram 1	1	816.369934113	817.552229870	875.481	677.455	816.6249	0.2162	817.4062	0.8919	0.7812	1.1823	704.000	848.000	768.000	144.000	21.56	LS
232	Spectrogram 1	1	818.552633972	820.219974142	594.076	239.715	818.7187	0.0943	819.9999	0.8679	1.2812	1.6673	272.000	576.000	560.000	304.000	20.24	F
233	Spectrogram 1	1	820.825884609	822.311333124	802.524	541.964	821.2187	0.2609	822.1249	0.8913	0.9062	1.4854	624.000	768.000	704.000	144.000	24.58	LS
234	Spectrogram 1	1	823.129845571	825.160969051	635.766	239.715	823.5624	0.2031	824.9687	0.9062	1.4062	2.0311	272.000	592.000	512.000	320.000	20.66	F
235	Spectrogram 1	1	825.797589843	826.737363393	844.214	604.499	825.9999	0.2069	826.5624	0.8276	0.5625	0.9398	656.000	752.000	704.000	96.000	21.82	LS
236	Spectrogram 1	1	827.555875840	829.647629871	594.076	198.025	827.8437	0.1364	829.4374	0.9091	1.5938	2.0918	256.000	560.000	544.000	304.000	20.47	F
237	Spectrogram 1	1	830.314565939	831.284654766	823.369	594.076	830.5312	0.2000	831.2187	0.9333	0.6875	0.9701	640.000	784.000	720.000	144.000	22.15	LS
238	Spectrogram 1	1	832.406319971	834.346497623	698.300	198.025	832.6249	0.0984	834.0937	0.8689	1.4688	1.9402	256.000	608.000	528.000	352.000	21.36	F
239	Spectrogram 1	1	836.218539500	838.007140773	729.567	198.025	836.4687	0.1404	837.8749	0.9298	1.4062	1.7886	240.000	672.000	560.000	432.000	19.32	F
240	Spectrogram 1	1	838.916599047	839.795742046	885.903	656.611	839.0624	0.1481	839.6562	0.8519	0.5938	0.8791	688.000	848.000	704.000	160.000	20.75	LS
241	Spectrogram 1	1	840.796146148	842.736323800	656.611	218.870	841.2499	0.2295	842.4374	0.8525	1.1875	1.9402	256.000	576.000	512.000	320.000	18.73	F
242	Spectrogram 1	1	843.069791834	843.736727902	729.567	552.387	843.2812	0.3000	843.6249	0.8500	0.3438	0.6669	624.000	688.000	656.000	64.000	22.08	LS
243	Spectrogram 1	1	844.919023659	847.071408242	583.654	208.448	845.1249	0.0882	846.5624	0.7647	1.4375	2.1524	240.000	528.000	496.000	288.000	18.88	F
244	Spectrogram 1	1	847.677317556	849.920647967	656.611	135.491	847.8749	0.0845	849.8124	0.9577	1.9375	2.2433	192.000	640.000	192.000	448.000	15.14	F
245	Spectrogram 1	1	851.878402378	854.546146650	635.766	156.336	852.1562	0.0952	854.3749	0.9405	2.2188	2.6677	208.000	608.000	256.000	400.000	17.69	F
246	Spectrogram 1	1	860.038841067	861.342397928	1177.730	865.059	860.3749	0.2500	861.1874	0.9000	0.8125	1.3036	928.000	1120.000	944.000	192.000	17.54	L
247	Spectrogram 1	1	863.434151959	865.162122680	1073.506	781.679	863.7187	0.1636	864.9062	0.8545	1.1875	1.7280	832.000	976.000	912.000	144.000	21.22	L
248	Spectrogram 1	1	867.193246160	868.860586330	1125.618	938.015	867.4687	0.1538	868.5937	0.8462	1.1250	1.6673	960.000	1024.000	992.000	64.000	24.48	L
249	Spectrogram 1	1	871.896952155	873.503661773	1573.781	938.015	872.1249	0.1373	873.2187	0.8235	1.0938	1.6067	992.000	1488.000	1040.000	496.000	15.81	R
250	Spectrogram 1	1	875.631430897	877.478555621	1331.454	863.921	875.9374	0.1552	877.0624	0.7759	1.1250	1.8471	912.000	1152.000	944.000	240.000	19.56	L
251	Spectrogram 1	1	879.223062305	880.823903732	1677.022	813.102	879.5937	0.2200	880.4999	0.8000	0.9062	1.6008	912.000	1136.000	944.000	224.000	17.26	L
252	Spectrogram 1	1	883.368831130	885.236479463	1900.625	843.593	883.8124	0.2373	884.9999	0.8814	1.1875	1.8676	896.000	1296.000	928.000	400.000	18.04	L
253	Spectrogram 1	1	886.529466770	889.238583032	2866.184	833.429	887.1874	0.2442	888.4999	0.7326	1.3125	2.7091	896.000	1296.000	928.000	400.000	15.07	L
254	Spectrogram 1	1	889.895338489	891.824557646	2744.218	752.119	890.3437	0.2295	891.5937	0.8852	1.2500	1.9292	848.000	1168.000	960.000	320.000	15.72	L
255	Spectrogram 1	1	893.039520850	894.907169182	741.955	243.931	893.0937	0.0169	894.5624	0.8136	1.4688	1.8676	304.000	640.000	512.000	336.000	19.95	F
256	Spectrogram 1	1	896.019514346	897.148754271	792.774	619.990	896.1874	0.1429	896.8749	0.7714	0.6875	1.1292	640.000	720.000	656.000	80.000	23.05	LS
257	Spectrogram 1	1	898.174934673	900.473578775	670.809	223.603	898.3437	0.0685	900.2812	0.9178	1.9375	2.2986	256.000	608.000	512.000	352.000	20.31	F
258	Spectrogram 1	1	900.801956503	901.663948041	823.266	711.464	900.9062	0.1111	901.4999	0.8148	0.5938	0.8620	736.000	784.000	768.000	48.000	20.40	LS
259	Spectrogram 1	1	902.341227107	904.352540695	762.283	182.948	902.7812	0.2188	904.0624	0.8594	1.2812	2.0113	256.000	592.000	560.000	336.000	19.11	F
260	Spectrogram 1	1	904.979308581	906.067059808	782.610	619.990	905.1874	0.1765	905.8124	0.7647	0.6250	1.0878	672.000	704.000	688.000	32.000	29.69	LS
261	Spectrogram 1	1	907.093240210	909.145601015	589.499	182.948	907.3124	0.1077	908.8749	0.8769	1.5625	2.0524	272.000	576.000	496.000	304.000	18.31	F
262	Spectrogram 1	1	911.341627076	913.106657368	609.826	203.275	911.5624	0.1250	912.9062	0.8929	1.3438	1.7650	256.000	560.000	512.000	304.000	19.58	F
263	Spectrogram 1	1	914.050743338	914.994829308	782.610	609.826	914.3124	0.2759	914.7812	0.7931	0.4688	0.9441	672.000	736.000	688.000	64.000	22.40	LS
264	Spectrogram 1	1	916.152733500	917.733051320	609.826	182.948	916.4374	0.1800	917.6562	0.9600	1.2188	1.5803	256.000	576.000	544.000	320.000	21.16	F
265	Spectrogram 1	1	918.820802546	919.518605220	670.809	569.171	918.8749	0.0476	919.3124	0.7143	0.4375	0.6978	624.000	656.000	640.000	32.000	23.28	LS
266	Spectrogram 1	1	920.442167582	922.453481170	599.663	182.948	920.5937	0.0635	922.1874	0.8730	1.5938	2.0113	224.000	576.000	512.000	352.000	18.63	F
267	Spectrogram 1	1	927.864284039	930.265546181	589.499	172.784	928.4062	0.2237	930.0624	0.9211	1.6562	2.4013	240.000	544.000	336.000	304.000	18.16	F
268	Spectrogram 1	1	936.050285806	938.287359083	589.499	111.801	936.1562	0.0423	937.9999	0.8732	1.8438	2.2371	192.000	560.000	288.000	368.000	18.24	F
269	Spectrogram 1	1	939.609893622	942.524245964	630.154	172.784	939.8437	0.0761	942.1874	0.8913	2.3438	2.9144	192.000	592.000	288.000	400.000	19.31	F
270	Spectrogram 1	1	943.212601131	944.091744130	792.102	677.455	943.3437	0.1481	943.8749	0.7778	0.5312	0.8791	720.000	768.000	752.000	48.000	22.68	LS
271	Spectrogram 1	1	947.679741913	949.321630557	1514.402	802.938	947.8437	0.0962	949.2187	0.9423	1.3750	1.6419	864.000	1216.000	1008.000	352.000	15.40	L
272	Spectrogram 1	1	951.107184457	952.502789804	1229.816	813.102	951.3437	0.1591	952.3437	0.8864	1.0000	1.3956	848.000	1072.000	864.000	224.000	20.74	L
273	Spectrogram 1	1	954.473056177	956.484369766	1534.730	965.558	954.7812	0.1429	956.2187	0.8730	1.4375	2.0113	1008.000	1200.000	1024.000	192.000	19.12	L
274	Spectrogram 1	1	958.946761249	960.855456797	1412.764	874.084	959.2812	0.1667	960.6562	0.9000	1.3750	1.9087	896.000	1216.000	944.000	320.000	16.32	L
275	Spectrogram 1	1	962.620487089	964.406040989	1412.764	843.593	962.9374	0.1786	964.2187	0.9107	1.2812	1.7856	896.000	1120.000	944.000	224.000	18.15	L
276	Spectrogram 1	1	965.719551904	967.012539211	1443.256	711.464	965.9687	0.1750	966.8749	0.9000	0.9062	1.2930	768.000	1136.000	976.000	368.000	15.63	L
277	Spectrogram 1	1	970.090198025	971.957846357	1239.980	762.283	970.4374	0.1864	971.7499	0.8983	1.3125	1.8676	784.000	1024.000	800.000	240.000	17.99	L
278	Spectrogram 1	1	973.661305825	975.303194469	996.050	752.119	973.9062	0.1373	975.0312	0.8431	1.1250	1.6419	816.000	960.000	912.000	144.000	21.22	L
279	Spectrogram 1	1	976.473040127	978.217546811	1209.489	904.576	976.8124	0.1852	977.9062	0.8333	1.0938	1.7445	976.000	1120.000	992.000	144.000	19.91	L
280	Spectrogram 1	1	979.455509985	982.020960991	619.990	132.129	979.6562	0.0741	981.5312	0.8148	1.8750	2.5655	224.000	592.000	576.000	368.000	17.28	F
281	Spectrogram 1	1	982.575098408	983.539707986	762.283	599.663	982.7812	0.2000	983.3749	0.8333	0.5938	0.9646	624.000	736.000	688.000	112.000	21.67	LS
282	Spectrogram 1	1	984.791648077	987.275004651	640.318	233.767	985.3437	0.2179	986.9062	0.8590	1.5625	2.4834	288.000	608.000	592.000	320.000	19.53	F
283	Spectrogram 1	1	988.022436681	989.089664300	752.119	619.990	988.1249	0.0909	988.8437	0.7879	0.7188	1.0672	672.000	736.000	688.000	64.000	23.43	LS
284	Spectrogram 1	1	990.115844702	992.086111075	680.973	182.948	990.2187	0.0484	991.7499	0.8387	1.5312	1.9703	224.000	624.000	608.000	400.000	18.16	F
285	Spectrogram 1	1	992.640248492	993.420145598	772.447	619.990	992.8437	0.2500	993.3437	0.9167	0.5000	0.7799	672.000	752.000	720.000	80.000	17.69	LS
286	Spectrogram 1	1	994.569467648	996.991253398	609.826	193.112	994.9062	0.1316	996.6874	0.8816	1.7812	2.4218	256.000	576.000	560.000	320.000	19.20	F
287	Spectrogram 1	1	998.943833408	999.816405672	978.989	641.407	999.0624	0.1111	999.7499	0.9259	0.6875	0.8726	704.000	928.000	736.000	224.000	13.97	LS
288	Spectrogram 1	1	1001.100045337	1003.911779639	660.645	132.129	1001.6562	0.1910	1003.5624	0.8764	1.9062	2.8117	192.000	624.000	512.000	432.000	16.11	F
289	Spectrogram 1	1	1005.862405133	1006.710739279	798.945	697.670	1005.9687	0.1154	1006.5937	0.8846	0.6250	0.8483	720.000	784.000	752.000	64.000	17.04	LS
290	Spectrogram 1	1	1007.461922349	1009.637424802	630.154	162.620	1008.0624	0.2754	1009.4062	0.8986	1.3438	2.1755	208.000	560.000	256.000	352.000	16.44	F
291	Spectrogram 1	1	1013.789740318	1016.642521836	670.809	162.620	1014.3124	0.1778	1016.3437	0.9000	2.0312	2.8528	224.000	640.000	256.000	416.000	16.43	F
292	Spectrogram 1	1	1019.023703458	1020.041704433	877.714	708.923	1019.1249	0.0938	1019.9687	0.9375	0.8438	1.0180	768.000	848.000	784.000	80.000	21.27	LS
293	Spectrogram 1	1	1022.994951482	1024.631976376	1398.634	888.022	1023.3749	0.2308	1024.4687	0.9038	1.0938	1.6370	928.000	1136.000	1024.000	208.000	14.54	L
294	Spectrogram 1	1	1023.510311171	1024.662291652	832.520	654.916	1023.6562	0.1111	1024.5312	0.8889	0.8750	1.1520	688.000	752.000	704.000	64.000	24.13	LS
295	Spectrogram 1	1	1026.147740167	1027.724134509	1187.729	888.022	1026.4374	0.1800	1027.5312	0.8800	1.0938	1.5764	912.000	1040.000	1008.000	128.000	20.53	L
296	Spectrogram 1	1	1029.027691369	1030.391878781	921.322	765.919	1029.2499	0.1628	1029.9999	0.7209	0.7500	1.3642	784.000	864.000	784.000	80.000	17.08	L
297	Spectrogram 1	1	1032.453317537	1034.605702120	1343.133	777.019	1032.6562	0.0882	1034.2812	0.8529	1.6250	2.1524	816.000	1168.000	992.000	352.000	17.47	L
298	Spectrogram 1	1	1035.575790946	1037.515968598	1265.431	765.919	1035.7812	0.0984	1037.2812	0.8852	1.5000	1.9402	816.000	1168.000	880.000	352.000	18.29	L
299	Spectrogram 1	1	1039.539586854	1041.722286712	1498.537	788.119	1039.8437	0.1304	1041.4687	0.8841	1.6250	2.1827	848.000	1200.000	1072.000	352.000	18.81	L
300	Spectrogram 1	1	1043.177419952	1044.571922639	954.623	721.518	1043.2812	0.0682	1044.2499	0.7727	0.9688	1.3945	800.000	896.000	848.000	96.000	17.18	LS
301	Spectrogram 1	1	1044.693183742	1046.997144704	1465.236	821.420	1044.9687	0.1111	1046.4687	0.7778	1.5000	2.3040	912.000	1296.000	944.000	384.000	17.36	L
302	Spectrogram 1	1	1048.755430702	1050.453086148	1320.932	788.119	1048.9999	0.1321	1050.4062	0.9811	1.4062	1.6977	864.000	1184.000	880.000	320.000	15.72	L
303	Spectrogram 1	1	1053.507260025	1055.272290317	1199.325	833.429	1053.7499	0.1273	1054.9687	0.8364	1.2188	1.7650	864.000	1120.000	928.000	256.000	18.96	L
304	Spectrogram 1	1	1056.996273393	1058.781827293	1107.851	863.921	1057.0937	0.0526	1058.6249	0.9123	1.5312	1.7856	928.000	1088.000	1008.000	160.000	18.72	L
305	Spectrogram 1	1	1058.681975053	1060.984596307	606.815	182.044	1058.9374	0.1096	1060.6562	0.8630	1.7188	2.3026	240.000	576.000	304.000	336.000	16.29	F
306	Spectrogram 1	1	1060.728652785	1062.247399780	1107.851	914.739	1060.9374	0.1277	1061.9687	0.8298	1.0312	1.5187	928.000	1040.000	944.000	112.000	22.24	L
307	Spectrogram 1	1	1063.991906464	1064.997563259	772.447	589.499	1064.2812	0.2903	1064.9062	0.9355	0.6250	1.0057	640.000	736.000	720.000	96.000	20.44	LS
308	Spectrogram 1	1	1065.284893771	1066.926782415	1026.541	721.628	1065.4687	0.0980	1066.8124	0.9412	1.3438	1.6419	784.000	976.000	960.000	192.000	20.41	L
309	Spectrogram 1	1	1068.404482195	1071.749830306	1534.730	650.481	1069.0312	0.1887	1071.3749	0.8962	2.3438	3.3453	768.000	1040.000	928.000	272.000	15.28	L
310	Spectrogram 1	1	1072.037160819	1074.746277081	619.990	203.275	1072.4687	0.1529	1074.5937	0.9529	2.1250	2.7091	288.000	576.000	336.000	288.000	18.87	F
311	Spectrogram 1	1	1075.628792227	1076.490783765	813.102	599.663	1075.7187	0.0769	1076.3749	0.8846	0.6562	0.8620	656.000	800.000	800.000	144.000	15.40	LS
312	Spectrogram 1	1	1077.582605321	1079.758107774	630.154	223.603	1077.9374	0.1594	1079.5937	0.9275	1.6562	2.1755	272.000	576.000	288.000	304.000	18.46	F
313	Spectrogram 1	1	1080.148056327	1081.399996418	843.593	619.990	1080.2812	0.1026	1081.3437	0.9744	1.0625	1.2519	656.000	784.000	704.000	128.000	21.29	LS
314	Spectrogram 1	1	1083.000837845	1085.032675042	559.007	223.603	1083.1562	0.0625	1084.7499	0.8594	1.5938	2.0318	288.000	528.000	496.000	240.000	21.51	F
315	Spectrogram 1	1	1085.915190188	1087.208177495	802.938	569.171	1086.0312	0.0750	1086.9999	0.8500	0.9688	1.2930	624.000	768.000	688.000	144.000	20.88	LS
316	Spectrogram 1	1	1088.742053893	1090.281324497	609.826	264.258	1088.9062	0.1020	1090.0937	0.8776	1.1875	1.5393	304.000	544.000	512.000	240.000	19.32	F
317	Spectrogram 1	1	1095.637986197	1098.203437203	660.645	172.784	1095.9687	0.1235	1097.9687	0.9136	2.0000	2.5655	224.000	608.000	256.000	384.000	17.71	F
318	Spectrogram 1	1	1103.441028155	1105.390770920	599.663	142.293	1103.6874	0.1148	1105.2499	0.9344	1.5625	1.9497	208.000	592.000	576.000	384.000	15.25	F
319	Spectrogram 1	1	1114.229016333	1117.163892283	589.499	254.094	1114.6249	0.1290	1116.7499	0.8602	2.1250	2.9349	288.000	560.000	368.000	272.000	16.29	F
320	Spectrogram 1	1	1118.293341192	1120.529764003	589.499	274.422	1118.4999	0.0857	1120.2812	0.9000	1.7812	2.2364	304.000	560.000	352.000	256.000	18.90	F
321	Spectrogram 1	1	1121.841709143	1122.993689624	621.615	432.911	1122.0624	0.1944	1122.8749	0.9167	0.8125	1.1520	512.000	576.000	560.000	64.000	20.43	LS
322	Spectrogram 1	1	1124.387322778	1126.603872447	1727.841	1046.868	1124.6249	0.1000	1126.3437	0.8857	1.7188	2.2165	1120.000	1376.000	1136.000	256.000	14.13	L
323	Spectrogram 1	1	1125.358931187	1127.588838086	606.815	212.385	1125.5624	0.0857	1127.3437	0.9000	1.7812	2.2299	288.000	560.000	352.000	272.000	17.32	F
324	Spectrogram 1	1	1126.685966879	1129.805555302	1494.074	782.610	1127.1249	0.1414	1129.3437	0.8586	2.2188	3.1196	880.000	1104.000	912.000	224.000	15.81	L
325	Spectrogram 1	1	1130.770164880	1132.555718781	1178.998	833.429	1130.9062	0.0714	1132.3749	0.9107	1.4688	1.7856	880.000	1104.000	992.000	224.000	16.86	L
326	Spectrogram 1	1	1132.761088120	1134.506232649	1137.778	788.859	1132.9687	0.1091	1134.2187	0.8364	1.2500	1.7451	832.000	1088.000	960.000	256.000	15.06	L
327	Spectrogram 1	1	1134.895410098	1136.865676471	1138.342	833.429	1135.3749	0.2419	1136.6562	0.9032	1.2812	1.9703	880.000	1072.000	1008.000	192.000	20.52	L
328	Spectrogram 1	1	1139.544804590	1141.450582294	1819.315	802.938	1139.8437	0.1500	1141.1562	0.8500	1.3125	1.9058	896.000	1232.000	960.000	336.000	16.20	L
329	Spectrogram 1	1	1142.992770742	1145.106702371	1961.608	853.757	1143.4374	0.2090	1144.7499	0.8358	1.3125	2.1139	896.000	1264.000	912.000	368.000	15.24	L
330	Spectrogram 1	1	1146.690650179	1148.660916552	1971.772	843.593	1147.0937	0.1935	1148.4374	0.8871	1.3438	1.9703	912.000	1040.000	944.000	128.000	15.06	L
331	Spectrogram 1	1	1151.185320342	1153.956007428	1646.531	741.955	1151.4999	0.1136	1153.6874	0.9091	2.1875	2.7707	800.000	1168.000	848.000	368.000	17.27	L
332	Spectrogram 1	1	1154.900093398	1157.691304093	1168.834	782.610	1155.3437	0.1573	1156.9062	0.7191	1.5625	2.7912	832.000	960.000	864.000	128.000	19.56	L
333	Spectrogram 1	1	1158.368583158	1160.215707883	609.826	213.439	1158.4999	0.0690	1159.9687	0.8793	1.4688	1.8471	272.000	560.000	336.000	288.000	19.71	F
334	Spectrogram 1	1	1160.975081380	1162.329639511	884.248	650.481	1161.1874	0.1429	1162.0937	0.8333	0.9062	1.3546	672.000	784.000	688.000	112.000	22.50	L
335	Spectrogram 1	1	1163.434997073	1165.836259215	609.826	213.439	1163.7499	0.1316	1165.4999	0.8684	1.7500	2.4013	256.000	576.000	304.000	320.000	18.80	F
336	Spectrogram 1	1	1167.950190844	1170.556689066	559.007	193.112	1168.2812	0.1220	1170.0937	0.8293	1.8125	2.6065	240.000	528.000	256.000	288.000	18.58	F
337	Spectrogram 1	1	1172.598559059	1173.568083797	728.178	576.474	1172.7187	0.1000	1173.4374	0.8667	0.7188	0.9695	608.000	720.000	656.000	112.000	14.42	LS
338	Spectrogram 1	1	1174.708563670	1177.212443852	589.499	182.948	1174.9062	0.0759	1176.9374	0.8987	2.0312	2.5039	224.000	560.000	304.000	336.000	19.95	F
339	Spectrogram 1	1	1179.716324034	1182.794865241	731.792	203.275	1180.0937	0.1224	1182.3437	0.8571	2.2500	3.0785	240.000	592.000	288.000	352.000	17.78	F
340	Spectrogram 1	1	1187.186917363	1189.608703113	559.007	203.275	1187.3437	0.0649	1189.3437	0.8961	2.0000	2.4218	240.000	544.000	496.000	304.000	16.73	F
341	Spectrogram 1	1	1190.257794958	1190.912224157	773.689	637.156	1190.4062	0.2000	1190.7499	0.7500	0.3438	0.6544	672.000	752.000	704.000	80.000	18.28	LS
