Selection	View	Channel	Begin Time (s)	End Time (s)	High Freq (Hz)	Low Freq (Hz)	Time 5% (s)	Time 5% Rel.	Time 95% (s)	Time 95% Rel.	Dur 90% (s)	Delta Time (s)	Freq 5% (Hz)	Freq 95% (Hz)	Peak Freq (Hz)	BW 90% (Hz)	SNR NIST Quick (dB)	QualName
1	Spectrogram 1	1	0.064308411	0.964626170	849.824	658.422	0.2187	0.1481	0.8124	0.8519	0.5938	0.9003	688.000	768.000	752.000	80.000	22.50	LS
2	Spectrogram 1	1	1.618902203	1.618902203	2938.197	131.072	1.6249	NaN	1.6249	NaN	0.0000	0.0000	224.000	1248.000	320.000	1024.000	16.62	break
3	Spectrogram 1	1	2.134562624	3.995901233	629.570	286.918	2.3437	0.1034	3.8437	0.9310	1.5000	1.8613	320.000	608.000	592.000	288.000	19.77	F
4	Spectrogram 1	1	4.802631090	5.855262562	857.126	689.597	4.9374	0.1212	5.7187	0.8788	0.7812	1.0526	704.000	816.000	736.000	112.000	21.61	LS
5	Spectrogram 1	1	7.861841306	9.884867416	1732.600	893.478	8.3437	0.2344	9.7499	0.9375	1.4062	2.0230	912.000	1248.000	944.000	336.000	13.53	L
6	Spectrogram 1	1	11.710525125	13.651314401	2338.168	917.464	12.1562	0.2295	13.4999	0.9344	1.3438	1.9408	944.000	1472.000	976.000	528.000	14.77	L
7	Spectrogram 1	1	15.559208944	17.335524552	2186.776	851.503	15.7499	0.1071	17.2499	0.9643	1.5000	1.7763	880.000	1808.000	912.000	928.000	14.25	L
8	Spectrogram 1	1	20.558819722	22.411950762	2218.912	853.578	20.8437	0.1525	22.1562	0.8644	1.3125	1.8531	896.000	1520.000	912.000	624.000	13.86	L
9	Spectrogram 1	1	24.111450939	26.213978123	2245.651	851.503	24.2812	0.0758	25.8749	0.8485	1.5938	2.1025	880.000	1808.000	912.000	928.000	13.59	L
10	Spectrogram 1	1	27.170661155	28.895407946	2329.758	833.513	27.3749	0.1111	28.6562	0.8704	1.2812	1.7247	880.000	1808.000	1008.000	928.000	14.06	L
11	Spectrogram 1	1	30.953555507	32.779213216	2287.704	857.499	31.1874	0.1228	32.6562	0.9474	1.4688	1.8257	880.000	1744.000	896.000	864.000	14.90	L
12	Spectrogram 1	1	34.020919226	35.986449731	2312.936	725.576	34.3437	0.1613	35.8749	0.9516	1.5312	1.9655	752.000	1568.000	784.000	816.000	14.42	L
13	Spectrogram 1	1	37.099782845	39.903293895	647.622	222.330	37.5312	0.1477	39.7187	0.9432	2.1875	2.8035	304.000	608.000	336.000	304.000	14.85	F
14	Spectrogram 1	1	41.021874228	43.504564928	611.643	281.835	41.3749	0.1392	42.9687	0.7848	1.5938	2.4827	320.000	592.000	336.000	272.000	17.42	F
15	Spectrogram 1	1	43.806848409	44.415400978	815.524	641.625	43.9687	0.2632	44.3124	0.8421	0.3438	0.6086	688.000	736.000	688.000	48.000	21.44	LS
16	Spectrogram 1	1	45.583164018	48.050269030	611.643	221.870	45.9374	0.1410	47.7499	0.8846	1.8125	2.4671	240.000	576.000	272.000	336.000	14.78	F
17	Spectrogram 1	1	49.004216301	51.010795044	605.646	185.891	49.2499	0.1111	50.8749	0.9365	1.6250	2.0066	208.000	576.000	240.000	368.000	15.29	F
18	Spectrogram 1	1	51.985630708	54.354051520	641.625	197.884	52.2187	0.0933	54.2187	0.9467	2.0000	2.3684	224.000	592.000	256.000	368.000	12.75	F
19	Spectrogram 1	1	54.896814623	57.018524933	623.636	197.884	55.1249	0.1045	56.8437	0.9254	1.7188	2.1217	224.000	592.000	224.000	368.000	12.97	F
20	Spectrogram 1	1	57.824445904	58.646814241	827.517	611.643	57.9374	0.1200	58.5312	0.8800	0.5938	0.8224	640.000	752.000	736.000	112.000	18.86	LS
21	Spectrogram 1	1	59.469182578	61.541550789	653.618	287.832	59.8124	0.1538	61.4374	0.9538	1.6250	2.0724	304.000	624.000	336.000	320.000	15.56	F
22	Spectrogram 1	1	62.269176485	62.779044854	827.517	677.604	62.3749	0.2000	62.6874	0.8667	0.3125	0.5099	704.000	784.000	736.000	80.000	17.51	LS
23	Spectrogram 1	1	64.045492093	65.994047183	641.625	233.863	64.2187	0.0820	65.6562	0.8361	1.4375	1.9486	256.000	608.000	288.000	352.000	14.48	F
24	Spectrogram 1	1	66.282333971	67.400754910	809.527	653.618	66.5312	0.2059	67.1874	0.8235	0.6562	1.1184	704.000	752.000	736.000	48.000	21.11	LS
25	Spectrogram 1	1	68.239570614	70.238951623	659.615	221.870	68.5624	0.1587	70.0937	0.9365	1.5312	1.9994	256.000	608.000	288.000	352.000	14.77	F
26	Spectrogram 1	1	70.668895508	73.549976903	683.601	179.895	71.1874	0.1758	73.2812	0.9121	2.0938	2.8811	208.000	656.000	224.000	448.000	15.27	F
27	Spectrogram 1	1	78.366263146	80.370122991	657.800	209.877	78.5937	0.1111	80.2499	0.9524	1.6562	2.0039	240.000	592.000	288.000	352.000	13.73	F
28	Spectrogram 1	1	81.299160857	81.940608161	848.700	647.200	81.3437	0.0500	81.8437	0.8500	0.5000	0.6414	704.000	800.000	736.000	96.000	22.66	LS
29	Spectrogram 1	1	83.284957211	85.295870977	641.625	251.853	83.7499	0.2222	85.1562	0.9365	1.4062	2.0109	272.000	608.000	288.000	336.000	15.88	F
30	Spectrogram 1	1	90.525542304	92.347613958	627.798	229.682	90.6249	0.0517	92.2187	0.9310	1.5938	1.8221	256.000	608.000	288.000	352.000	13.95	F
31	Spectrogram 1	1	93.080651415	94.067493420	815.524	695.594	93.2499	0.1613	93.9687	0.9032	0.7188	0.9868	736.000	784.000	752.000	48.000	21.56	LS
32	Spectrogram 1	1	95.571054177	95.571054177	3440.640	120.149	95.5624	NaN	95.5624	NaN	0.0000	0.0000	224.000	1216.000	576.000	992.000	18.29	break
33	Spectrogram 1	1	97.028019434	99.160898600	653.618	287.832	97.3437	0.1471	98.9374	0.8971	1.5938	2.1329	304.000	624.000	320.000	320.000	13.55	F
34	Spectrogram 1	1	99.694995895	100.895653667	863.496	695.594	99.9999	0.2432	100.8124	0.9459	0.8125	1.2007	736.000	816.000	784.000	80.000	20.57	LS
35	Spectrogram 1	1	103.971311249	105.550258457	2203.598	791.538	104.1562	0.1020	105.4687	0.9592	1.3125	1.5789	816.000	1648.000	832.000	832.000	13.41	L
36	Spectrogram 1	1	107.244337232	109.645652777	2472.739	887.482	107.5312	0.1184	109.4999	0.9474	1.9688	2.4013	912.000	1792.000	928.000	880.000	14.42	L
37	Spectrogram 1	1	111.060126317	112.408810391	2296.115	797.534	111.2499	0.1395	112.2187	0.8605	0.9688	1.3487	848.000	1712.000	896.000	864.000	13.88	L
38	Spectrogram 1	1	114.920969557	116.755234152	2329.758	875.489	115.4062	0.2586	116.4062	0.8103	1.0000	1.8343	912.000	1008.000	944.000	96.000	14.61	L
39	Spectrogram 1	1	118.350628727	120.526916665	2380.222	929.457	118.8437	0.2206	120.1249	0.8235	1.2812	2.1763	976.000	1408.000	1008.000	432.000	16.93	L
40	Spectrogram 1	1	122.034838878	124.064336835	2489.561	763.900	122.4062	0.1719	123.6874	0.8125	1.2812	2.0295	848.000	1408.000	960.000	560.000	16.55	L
41	Spectrogram 1	1	126.401580692	128.473948903	2287.704	769.603	126.7499	0.1667	128.1874	0.8636	1.4375	2.0724	800.000	1312.000	816.000	512.000	15.37	L
42	Spectrogram 1	1	129.679923757	131.829211719	2354.990	632.785	130.3437	0.3088	131.5624	0.8824	1.2188	2.1493	688.000	896.000	736.000	208.000	15.67	L
43	Spectrogram 1	1	132.780540370	135.525578422	624.234	256.534	133.0937	0.1149	135.2499	0.9080	2.1562	2.7450	304.000	592.000	336.000	288.000	19.74	F
44	Spectrogram 1	1	136.561903206	139.094797685	658.438	247.983	137.1249	0.2222	138.8124	0.8889	1.6875	2.5329	304.000	592.000	336.000	288.000	19.71	F
45	Spectrogram 1	1	140.217368761	142.260826427	649.887	222.330	140.4062	0.0923	141.9687	0.8615	1.5625	2.0435	256.000	624.000	624.000	368.000	18.70	F
46	Spectrogram 1	1	142.750263240	143.647495133	838.013	615.300	142.9687	0.2222	143.4687	0.8148	0.5000	0.8972	656.000	704.000	688.000	48.000	23.55	LS
47	Spectrogram 1	1	144.526578849	146.730525993	641.336	188.125	144.8437	0.1429	146.4374	0.8714	1.5938	2.2039	224.000	624.000	240.000	400.000	18.31	F
48	Spectrogram 1	1	150.519775536	153.125706604	624.234	196.676	151.0312	0.1928	152.9687	0.9398	1.9375	2.6059	240.000	592.000	576.000	352.000	16.87	F
49	Spectrogram 1	1	155.921758952	158.158600829	632.785	256.534	156.3437	0.1831	157.9687	0.9155	1.6250	2.2368	304.000	608.000	336.000	304.000	18.52	F
50	Spectrogram 1	1	159.006616778	159.863029430	786.706	641.336	159.1874	0.1923	159.6562	0.7692	0.4688	0.8564	672.000	752.000	688.000	80.000	26.28	LS
51	Spectrogram 1	1	160.684248186	162.796758252	649.887	256.534	161.1249	0.2090	162.4999	0.8657	1.3750	2.1125	304.000	624.000	624.000	320.000	18.91	F
52	Spectrogram 1	1	163.414511066	164.673920861	880.768	632.785	163.6249	0.1538	164.2187	0.6410	0.5938	1.2594	672.000	752.000	736.000	80.000	23.01	LS
53	Spectrogram 1	1	165.155010005	167.131615951	647.200	247.983	165.3749	0.1111	166.9062	0.8889	1.5312	1.9766	304.000	608.000	336.000	304.000	21.25	F
54	Spectrogram 1	1	167.768798715	168.805627620	795.700	615.683	167.9687	0.1875	168.5312	0.7500	0.5625	1.0368	656.000	704.000	688.000	48.000	24.43	LS
55	Spectrogram 1	1	169.545114324	171.748761202	657.800	247.983	169.7812	0.1014	171.3124	0.8116	1.5312	2.2036	272.000	592.000	320.000	320.000	20.72	F
56	Spectrogram 1	1	172.116652900	173.107130547	863.666	615.683	172.1874	0.0645	172.7499	0.6452	0.5625	0.9905	688.000	752.000	736.000	64.000	22.02	LS
57	Spectrogram 1	1	173.854324412	176.191761171	607.132	230.881	174.2499	0.1622	175.8749	0.8649	1.6250	2.3374	272.000	592.000	288.000	320.000	20.50	F
58	Spectrogram 1	1	177.242481962	179.163194114	658.438	196.676	177.4374	0.0984	178.8124	0.8197	1.3750	1.9207	224.000	624.000	336.000	400.000	19.19	F
59	Spectrogram 1	1	179.841165908	180.769986802	846.564	590.029	179.9999	0.1724	180.5937	0.8276	0.5938	0.9288	672.000	752.000	688.000	80.000	23.29	LS
60	Spectrogram 1	1	185.035052204	187.511505717	614.316	203.861	185.5312	0.1923	187.3124	0.9231	1.7812	2.4765	256.000	592.000	336.000	336.000	17.53	F
61	Spectrogram 1	1	190.528472697	193.114779266	624.234	230.881	190.8749	0.1341	192.8124	0.8902	1.9375	2.5863	256.000	608.000	288.000	352.000	15.12	F
62	Spectrogram 1	1	193.752156580	194.771893318	880.600	692.643	193.9999	0.2258	194.6249	0.8710	0.6250	1.0197	736.000	800.000	752.000	64.000	22.25	LS
63	Spectrogram 1	1	196.180151477	196.180151477	3014.656	152.917	196.1874	NaN	196.1874	NaN	0.0000	0.0000	224.000	1504.000	976.000	1280.000	18.43	break
64	Spectrogram 1	1	197.557779236	200.076422397	684.092	239.432	197.9374	0.1500	199.5937	0.8125	1.6562	2.5186	272.000	640.000	624.000	368.000	15.28	F
65	Spectrogram 1	1	200.500912817	201.859282163	863.666	701.194	200.7812	0.1905	201.6562	0.8571	0.8750	1.3584	736.000	800.000	768.000	64.000	21.63	LS
66	Spectrogram 1	1	204.410050233	206.302281897	1308.326	752.501	204.7812	0.1864	206.0624	0.8814	1.2812	1.8922	784.000	1072.000	880.000	288.000	16.29	L
67	Spectrogram 1	1	207.913295073	209.868001429	1942.867	880.768	208.3124	0.1967	209.7187	0.9344	1.4062	1.9547	944.000	1504.000	976.000	560.000	14.38	L
68	Spectrogram 1	1	211.465926290	213.405421599	2102.669	773.782	211.6874	0.1148	213.1562	0.8852	1.4688	1.9395	832.000	1632.000	944.000	800.000	14.59	L
69	Spectrogram 1	1	215.544873244	217.321188852	2136.312	889.319	215.9687	0.2321	217.1874	0.9286	1.2188	1.7763	928.000	1056.000	944.000	128.000	14.50	L
70	Spectrogram 1	1	218.900136060	220.544872735	2237.240	820.910	219.3124	0.2500	220.4062	0.9231	1.0938	1.6447	880.000	1472.000	960.000	592.000	14.35	L
71	Spectrogram 1	1	221.794872608	223.834346085	2363.400	598.580	222.1249	0.1562	223.5937	0.8906	1.4688	2.0395	624.000	1456.000	864.000	832.000	16.26	L
72	Spectrogram 1	1	224.514889180	227.508309928	752.501	282.188	225.0937	0.1895	227.1562	0.8842	2.0625	2.9934	336.000	624.000	368.000	288.000	16.87	F
73	Spectrogram 1	1	228.416354021	231.089037232	624.234	233.400	228.9374	0.1905	230.8124	0.9048	1.8750	2.6727	288.000	576.000	336.000	288.000	18.81	F
74	Spectrogram 1	1	231.245301102	232.560604023	769.603	632.785	231.4687	0.1707	232.3124	0.8293	0.8438	1.3153	656.000	736.000	704.000	80.000	19.53	LS
75	Spectrogram 1	1	233.264888290	235.403045967	632.785	201.600	233.5937	0.1493	235.1562	0.8955	1.5625	2.1382	272.000	592.000	336.000	320.000	17.78	F
76	Spectrogram 1	1	235.962256436	236.804511062	786.706	624.234	236.1562	0.2308	236.7187	0.9231	0.5625	0.8423	720.000	752.000	736.000	32.000	23.72	LS
77	Spectrogram 1	1	238.034624646	240.258030549	658.438	188.125	238.3749	0.1429	239.9687	0.8714	1.5938	2.2234	240.000	608.000	288.000	368.000	18.30	F
78	Spectrogram 1	1	241.245300084	243.153194627	615.683	239.432	241.5624	0.1667	242.8749	0.8667	1.3125	1.9079	272.000	592.000	336.000	320.000	17.50	F
79	Spectrogram 1	1	243.778194563	244.633457634	803.808	632.785	243.9374	0.1852	244.4999	0.8519	0.5625	0.8553	688.000	752.000	752.000	64.000	26.89	LS
80	Spectrogram 1	1	245.488720705	247.785660672	641.336	222.330	245.8124	0.1370	247.4999	0.8767	1.6875	2.2969	256.000	592.000	288.000	336.000	17.82	F
81	Spectrogram 1	1	251.560062082	253.813424642	624.234	191.000	251.8437	0.1250	253.4999	0.8611	1.6562	2.2534	224.000	608.000	240.000	384.000	15.40	F
82	Spectrogram 1	1	254.290324962	255.228392710	838.013	607.132	254.4687	0.1724	255.0312	0.7931	0.5625	0.9381	640.000	768.000	672.000	128.000	16.77	LS
83	Spectrogram 1	1	255.935061637	257.967362730	581.478	196.676	256.2499	0.1562	257.7499	0.9062	1.5000	2.0323	224.000	544.000	256.000	320.000	15.23	F
84	Spectrogram 1	1	258.632429783	259.726737510	827.500	615.683	258.8437	0.1765	259.4999	0.7941	0.6562	1.0943	656.000	752.000	720.000	96.000	18.41	LS
85	Spectrogram 1	1	260.372808446	262.693356078	607.132	196.676	260.7499	0.1622	262.3749	0.8649	1.6250	2.3205	256.000	592.000	576.000	336.000	15.07	F
86	Spectrogram 1	1	266.683566265	269.173910065	675.541	179.574	266.7187	0.0127	268.9999	0.9367	2.2812	2.4903	224.000	624.000	320.000	400.000	13.46	F
87	Spectrogram 1	1	269.945258730	271.126565999	829.461	649.887	270.1562	0.1622	270.9374	0.8378	0.7812	1.1813	672.000	800.000	704.000	128.000	16.58	LS
88	Spectrogram 1	1	273.664531728	275.243478936	675.541	205.228	273.8437	0.1020	275.0937	0.9184	1.2500	1.5789	224.000	624.000	256.000	400.000	12.29	F
89	Spectrogram 1	1	276.164531474	277.182629331	816.900	666.990	276.3749	0.1935	276.9687	0.8065	0.5938	1.0181	688.000	784.000	736.000	96.000	16.53	LS
90	Spectrogram 1	1	277.614792037	277.614792037	2774.357	109.227	277.6249	NaN	277.6249	NaN	0.0000	0.0000	192.000	1472.000	256.000	1280.000	18.21	break
91	Spectrogram 1	1	278.039531283	280.243478427	684.092	256.534	278.4687	0.1884	280.0937	0.9420	1.6250	2.2039	288.000	640.000	288.000	352.000	13.87	F
92	Spectrogram 1	1	281.065846765	281.787362788	827.500	666.990	281.2187	0.1818	281.6874	0.8636	0.4688	0.7215	704.000	768.000	736.000	64.000	16.18	LS
93	Spectrogram 1	1	281.753909841	283.612965777	2043.041	952.097	281.8749	0.0517	283.4374	0.9138	1.5625	1.8591	976.000	1824.000	1024.000	848.000	12.56	L
94	Spectrogram 1	1	284.195689667	286.526585225	1963.700	833.085	284.4374	0.0959	286.4374	0.9726	2.0000	2.3309	848.000	1712.000	848.000	864.000	11.94	L
95	Spectrogram 1	1	287.212142742	289.028870162	1884.358	823.167	287.3437	0.0702	288.8437	0.9123	1.5000	1.8167	864.000	1728.000	976.000	864.000	11.54	L
96	Spectrogram 1	1	290.634732615	292.275734961	2310.818	1017.587	290.8437	0.1176	292.0937	0.9020	1.2500	1.6410	1056.000	1824.000	1088.000	768.000	13.19	L
97	Spectrogram 1	1	293.656383403	295.610222327	2360.407	991.768	293.8437	0.0820	295.4999	0.9508	1.6562	1.9538	1008.000	2112.000	1024.000	1104.000	13.15	L
98	Spectrogram 1	1	296.904319600	298.450372074	2241.395	825.550	297.0937	0.1224	298.2812	0.8980	1.1875	1.5461	912.000	1664.000	1088.000	752.000	13.69	L
99	Spectrogram 1	1	298.866620533	300.683347953	1884.358	843.002	298.9374	0.0351	300.5312	0.9298	1.5938	1.8167	864.000	1728.000	1024.000	864.000	12.10	L
100	Spectrogram 1	1	301.924533695	303.535593860	1924.029	783.496	301.9999	0.0392	303.3749	0.9020	1.3750	1.6111	800.000	1760.000	848.000	960.000	12.35	L
101	Spectrogram 1	1	305.428335781	307.225402375	1894.276	721.400	305.6874	0.1404	307.0312	0.8947	1.3438	1.7971	784.000	1568.000	800.000	784.000	13.07	LS
102	Spectrogram 1	1	308.892899220	311.566573537	1953.782	763.661	309.1874	0.1059	311.4062	0.9412	2.2188	2.6737	784.000	1600.000	816.000	816.000	13.17	L
103	Spectrogram 1	1	311.965488255	314.813405685	726.848	239.432	312.6562	0.2418	314.6249	0.9341	1.9688	2.8479	272.000	592.000	336.000	320.000	16.82	F
104	Spectrogram 1	1	315.672704594	316.804679049	846.564	701.194	315.8749	0.1714	316.5624	0.8000	0.6875	1.1320	736.000	800.000	784.000	64.000	17.53	LS
105	Spectrogram 1	1	317.576563299	319.606315823	615.683	222.330	317.8749	0.1406	319.3437	0.8750	1.4688	2.0298	288.000	576.000	320.000	288.000	16.38	F
106	Spectrogram 1	1	320.043668311	321.162089250	974.831	692.643	320.2499	0.1714	321.0937	0.9429	0.8438	1.1184	704.000	928.000	768.000	224.000	14.37	LS
107	Spectrogram 1	1	321.991592726	324.171705392	684.092	205.228	322.3124	0.1449	323.9687	0.9130	1.6562	2.1801	256.000	656.000	288.000	400.000	14.94	F
108	Spectrogram 1	1	324.335550504	325.256603042	795.257	649.887	324.4999	0.1724	325.1562	0.8966	0.6562	0.9211	672.000	752.000	704.000	80.000	17.56	LS
109	Spectrogram 1	1	326.209259411	328.331711513	649.887	171.023	326.3437	0.0597	328.0937	0.8955	1.7500	2.1225	208.000	560.000	336.000	352.000	15.28	F
110	Spectrogram 1	1	328.812800656	329.944775110	752.501	641.336	329.0624	0.2000	329.6874	0.7714	0.6250	1.1320	688.000	736.000	704.000	48.000	15.57	LS
111	Spectrogram 1	1	330.567361060	332.972806776	658.438	196.676	331.0624	0.1974	332.6874	0.8816	1.6250	2.4054	256.000	544.000	320.000	288.000	15.35	F
112	Spectrogram 1	1	333.680290810	337.161112258	641.336	205.228	334.3124	0.1802	336.8124	0.9009	2.5000	3.4808	240.000	592.000	336.000	352.000	14.80	F
113	Spectrogram 1	1	337.973843687	340.195212191	649.887	213.779	338.4062	0.1857	339.9687	0.9000	1.5625	2.2214	256.000	576.000	320.000	320.000	15.65	F
114	Spectrogram 1	1	343.534536832	345.713587657	658.438	213.779	343.9062	0.1618	345.6249	0.9706	1.7188	2.1791	240.000	592.000	288.000	352.000	15.18	F
115	Spectrogram 1	1	346.855421731	347.644895335	786.706	632.785	347.0312	0.2083	347.5312	0.8750	0.5000	0.7895	672.000	752.000	736.000	80.000	18.19	LS
116	Spectrogram 1	1	348.763316274	350.561970840	590.029	213.779	348.9999	0.1250	350.3749	0.9107	1.3750	1.7987	256.000	560.000	288.000	304.000	14.76	F
117	Spectrogram 1	1	351.043059983	352.203333799	820.910	641.336	351.2812	0.1944	352.0312	0.8611	0.7500	1.1603	672.000	752.000	704.000	80.000	16.97	LS
118	Spectrogram 1	1	353.062431314	355.316263549	598.580	205.228	353.5312	0.2083	354.9687	0.8472	1.4375	2.2538	240.000	544.000	288.000	304.000	15.81	F
119	Spectrogram 1	1	356.055852062	358.687430742	675.541	179.574	356.4374	0.1446	358.3437	0.8795	1.9062	2.6316	208.000	576.000	224.000	368.000	14.19	F
120	Spectrogram 1	1	364.972240118	367.075939719	598.580	213.779	365.1874	0.0909	366.9374	0.9394	1.7500	2.1037	240.000	576.000	256.000	336.000	13.20	F
121	Spectrogram 1	1	367.801187199	369.028595653	829.461	641.336	367.9687	0.1316	368.7812	0.8158	0.8125	1.2274	688.000	752.000	720.000	64.000	17.89	LS
122	Spectrogram 1	1	370.893292148	372.866976157	675.541	196.676	371.0937	0.0968	372.7499	0.9516	1.6562	1.9737	240.000	640.000	256.000	400.000	13.75	F
123	Spectrogram 1	1	373.689344495	374.773366010	870.000	641.336	373.9374	0.2121	374.5624	0.8182	0.6250	1.0840	688.000	768.000	736.000	80.000	19.59	LS
124	Spectrogram 1	1	375.087167317	375.087167317	2872.661	120.149	375.0937	NaN	375.0937	NaN	0.0000	0.0000	192.000	1632.000	592.000	1440.000	17.87	break
125	Spectrogram 1	1	375.827502172	377.866975649	806.300	188.125	376.1249	0.1406	377.6249	0.8906	1.5000	2.0395	224.000	736.000	240.000	512.000	14.54	F
126	Spectrogram 1	1	378.491975585	379.754053610	846.564	607.132	378.7499	0.2000	379.4999	0.8000	0.7500	1.2621	656.000	768.000	720.000	112.000	18.29	LS
127	Spectrogram 1	1	381.649870001	383.517868671	1791.474	769.603	381.9374	0.1525	383.2812	0.8814	1.3438	1.8680	816.000	1456.000	848.000	640.000	13.32	L
128	Spectrogram 1	1	384.972238084	386.715658959	1833.528	820.910	385.3124	0.1852	386.5624	0.9259	1.2500	1.7434	864.000	1200.000	928.000	336.000	15.72	L
129	Spectrogram 1	1	388.384239271	390.226344346	2035.384	855.115	388.9687	0.3103	390.0937	0.9310	1.1250	1.8421	912.000	1328.000	992.000	416.000	16.67	L
130	Spectrogram 1	1	393.121080894	395.423712239	2052.205	838.013	393.6874	0.2466	395.0624	0.8493	1.3750	2.3026	880.000	1280.000	944.000	400.000	16.23	L
131	Spectrogram 1	1	396.640817378	398.844764522	2380.222	906.422	397.2187	0.2571	398.6249	0.9000	1.4062	2.2039	944.000	1424.000	976.000	480.000	16.84	L
132	Spectrogram 1	1	400.271421013	402.146420822	2884.862	632.785	400.7187	0.2373	401.9999	0.9322	1.2812	1.8750	736.000	1280.000	784.000	544.000	16.79	L
133	Spectrogram 1	1	404.394896148	406.722803915	2817.577	752.501	404.9062	0.2162	406.2187	0.7838	1.3125	2.3279	800.000	1008.000	800.000	208.000	15.90	L
134	Spectrogram 1	1	407.618580031	409.723842975	2657.774	709.745	408.2812	0.3134	409.5312	0.9104	1.2500	2.1053	752.000	1008.000	768.000	256.000	16.56	L
135	Spectrogram 1	1	410.826599366	413.656147449	615.683	230.881	411.2187	0.1348	413.3749	0.9101	2.1562	2.8295	288.000	576.000	320.000	288.000	21.54	F
136	Spectrogram 1	1	412.223272466	413.320164493	872.755	704.155	412.4374	0.1765	413.1562	0.8529	0.7188	1.0969	720.000	832.000	768.000	112.000	16.95	LS
137	Spectrogram 1	1	414.346335850	417.504230266	684.092	247.983	415.1249	0.2400	416.9062	0.8100	1.7812	3.1579	304.000	608.000	320.000	304.000	19.56	F
138	Spectrogram 1	1	417.759554847	418.721335405	752.501	607.132	418.0312	0.2667	418.5312	0.8000	0.5000	0.9618	640.000	720.000	688.000	80.000	22.50	LS
139	Spectrogram 1	1	419.412124809	421.947860564	598.580	205.228	419.9374	0.2000	421.5937	0.8625	1.6562	2.5357	272.000	576.000	288.000	304.000	19.48	F
140	Spectrogram 1	1	422.339756090	423.306229909	861.100	658.438	422.4999	0.1667	422.9687	0.6667	0.4688	0.9665	720.000	784.000	752.000	64.000	21.08	LS
141	Spectrogram 1	1	423.918703297	426.056860975	615.683	146.800	424.3437	0.1940	425.8749	0.9254	1.5312	2.1382	240.000	576.000	320.000	336.000	18.56	F
142	Spectrogram 1	1	429.956579830	431.651336438	622.933	204.800	430.2187	0.1509	431.4687	0.9057	1.2500	1.6948	256.000	608.000	592.000	352.000	16.91	F
143	Spectrogram 1	1	434.250020385	436.421072795	614.400	196.267	434.5937	0.1471	435.9374	0.7794	1.3438	2.1711	256.000	592.000	576.000	336.000	18.08	F
144	Spectrogram 1	1	436.947388531	437.965299095	827.733	529.067	437.1874	0.2258	437.7187	0.7742	0.5312	1.0179	576.000	720.000	688.000	144.000	21.35	LS
145	Spectrogram 1	1	438.418088877	440.960546018	640.000	170.667	438.7499	0.1250	440.4062	0.7875	1.6562	2.5425	240.000	592.000	320.000	352.000	18.37	F
146	Spectrogram 1	1	441.134827803	442.210203535	890.400	580.267	441.3749	0.2121	441.9062	0.7273	0.5312	1.0754	672.000	784.000	688.000	112.000	20.55	LS
147	Spectrogram 1	1	442.776190762	445.153337117	648.533	187.733	443.1562	0.1600	444.8124	0.8667	1.6562	2.3771	224.000	608.000	256.000	384.000	17.60	F
148	Spectrogram 1	1	445.396030417	446.246799350	802.133	595.061	445.6249	0.2692	446.1874	0.9615	0.5625	0.8508	640.000	720.000	688.000	80.000	23.08	F
149	Spectrogram 1	1	447.421592361	449.329486903	631.467	166.300	447.5937	0.0833	448.9999	0.8333	1.4062	1.9079	208.000	592.000	224.000	384.000	16.38	F
150	Spectrogram 1	1	451.336065647	453.408433857	682.667	213.333	451.6562	0.1515	453.3437	0.9697	1.6875	2.0724	240.000	640.000	304.000	400.000	14.21	F
151	Spectrogram 1	1	454.295998848	455.392890876	813.249	604.978	454.4062	0.0882	455.1874	0.8235	0.7812	1.0969	640.000	768.000	752.000	128.000	16.79	LS
152	Spectrogram 1	1	456.270275671	458.770275417	753.400	153.600	456.7187	0.1772	458.5937	0.9367	1.8750	2.5000	192.000	688.000	224.000	496.000	15.53	F
153	Spectrogram 1	1	460.151854224	462.684748703	645.800	146.800	460.4374	0.1125	462.3437	0.8750	1.9062	2.5329	224.000	608.000	320.000	384.000	13.89	F
154	Spectrogram 1	1	463.243959172	464.263695911	841.500	577.300	463.4999	0.2500	464.1562	0.9062	0.6562	1.0197	640.000	784.000	704.000	144.000	24.09	LS
155	Spectrogram 1	1	466.784876012	466.896524440	3134.805	163.840	466.8124	0.0000	466.8749	1.0000	0.0625	0.1116	224.000	1872.000	352.000	1648.000	14.78	break
156	Spectrogram 1	1	468.302214947	470.820858108	691.200	162.133	468.6249	0.1250	470.5312	0.8875	1.9062	2.5186	240.000	656.000	640.000	416.000	13.70	F
157	Spectrogram 1	1	471.354860589	472.603717874	870.400	682.667	471.6562	0.2308	472.2812	0.7436	0.6250	1.2489	768.000	800.000	784.000	32.000	23.40	LS
158	Spectrogram 1	1	474.386577640	476.622227188	1640.082	870.400	475.0312	0.2857	476.2187	0.8286	1.1875	2.2356	896.000	1072.000	928.000	176.000	14.39	L
159	Spectrogram 1	1	478.098280956	480.170649166	2094.259	921.600	478.4374	0.1538	479.9374	0.8923	1.5000	2.0724	960.000	1232.000	976.000	272.000	14.98	L
160	Spectrogram 1	1	481.469217876	484.019332985	2800.756	904.533	482.2187	0.2875	483.7187	0.8875	1.5000	2.5501	928.000	1440.000	960.000	512.000	15.43	L
161	Spectrogram 1	1	487.341701068	489.216700878	2203.598	912.868	487.6249	0.1525	488.9687	0.8814	1.3438	1.8750	944.000	1488.000	992.000	544.000	16.60	L
162	Spectrogram 1	1	490.627403809	492.966700496	2531.614	896.000	491.1874	0.2329	492.6874	0.8904	1.5000	2.3393	928.000	1424.000	976.000	496.000	16.07	L
163	Spectrogram 1	1	494.414068770	496.618015914	2548.435	657.067	494.9374	0.2319	496.3749	0.8986	1.4375	2.2039	784.000	1456.000	864.000	672.000	16.15	L
164	Spectrogram 1	1	498.929139904	501.034402848	2523.203	674.729	499.4999	0.2687	500.7812	0.8806	1.2812	2.1053	768.000	1424.000	800.000	656.000	16.01	L
165	Spectrogram 1	1	502.246633197	504.516369809	2422.275	627.101	502.6249	0.1667	504.2499	0.8889	1.6250	2.2697	688.000	1456.000	768.000	768.000	17.38	L
166	Spectrogram 1	1	505.272948679	508.101895760	627.101	230.400	505.9062	0.2222	507.8437	0.9111	1.9375	2.8289	288.000	576.000	320.000	288.000	16.23	F
167	Spectrogram 1	1	507.764312074	509.768595324	2447.507	913.067	508.1249	0.1746	509.4999	0.8730	1.3750	2.0043	960.000	1664.000	1024.000	704.000	14.03	L
168	Spectrogram 1	1	509.221296200	511.638282545	611.225	247.467	509.7187	0.1974	511.3437	0.8816	1.6250	2.4170	288.000	576.000	336.000	288.000	16.73	F
169	Spectrogram 1	1	511.868545680	513.414598154	1631.671	976.372	512.0624	0.1224	513.2499	0.8980	1.1875	1.5461	1024.000	1488.000	1088.000	464.000	14.56	L
170	Spectrogram 1	1	514.286227799	516.424385477	650.915	134.946	514.5624	0.1194	516.2812	0.9403	1.7188	2.1382	224.000	608.000	240.000	384.000	14.29	F
171	Spectrogram 1	1	514.944122469	516.687543345	1024.000	682.667	515.0624	0.0545	516.4999	0.8909	1.4375	1.7434	736.000	944.000	912.000	208.000	14.09	LS
172	Spectrogram 1	1	519.023069423	521.675041464	614.400	187.733	519.3749	0.1310	521.2187	0.8333	1.8438	2.6520	240.000	560.000	304.000	320.000	14.81	F
173	Spectrogram 1	1	522.706414835	525.317501778	889.054	196.267	523.2187	0.1928	525.0624	0.9036	1.8438	2.6111	240.000	736.000	336.000	496.000	15.58	F
174	Spectrogram 1	1	525.768473055	527.953949243	759.467	142.884	526.0312	0.1159	527.9062	0.9855	1.8750	2.1855	224.000	736.000	272.000	512.000	13.88	F
175	Spectrogram 1	1	527.985896508	530.208805628	690.605	182.574	528.3124	0.1429	529.7499	0.8000	1.4375	2.2229	272.000	544.000	336.000	272.000	15.56	F
176	Spectrogram 1	1	530.716159388	534.267546861	640.000	162.133	531.3437	0.1770	533.7499	0.8584	2.4062	3.5514	208.000	560.000	208.000	352.000	15.49	F
177	Spectrogram 1	1	536.834614130	539.193540810	571.733	187.733	537.3749	0.2267	538.8437	0.8533	1.4688	2.3589	240.000	528.000	288.000	288.000	14.35	F
178	Spectrogram 1	1	540.858665525	543.529803088	619.163	196.267	541.0937	0.0833	543.1562	0.8690	2.0625	2.6711	224.000	560.000	320.000	336.000	15.31	F
179	Spectrogram 1	1	544.952097116	547.831375269	690.605	95.256	545.4999	0.1868	547.4062	0.8571	1.9062	2.8793	192.000	576.000	224.000	384.000	14.15	F
180	Spectrogram 1	1	548.536054423	550.571893029	375.467	187.733	548.8749	0.1562	550.2187	0.8281	1.3438	2.0358	224.000	352.000	304.000	128.000	13.91	F
181	Spectrogram 1	1	554.298699242	555.811856983	384.000	230.400	554.4687	0.1064	555.4687	0.7872	1.0000	1.5132	272.000	352.000	304.000	80.000	16.69	F
182	Spectrogram 1	1	560.911061878	561.963693350	315.733	221.867	561.1562	0.2188	561.7187	0.7812	0.5625	1.0526	256.000	288.000	272.000	32.000	17.74	F
183	Spectrogram 1	1	565.812898857	567.128688197	384.000	230.400	566.0312	0.1463	566.9062	0.8293	0.8750	1.3158	272.000	368.000	320.000	96.000	17.75	F
184	Spectrogram 1	1	572.224588354	572.447885210	3025.579	163.840	572.2499	0.0000	572.4374	1.0000	0.1875	0.2233	224.000	1664.000	848.000	1440.000	16.95	break
185	Spectrogram 1	1	573.811006926	574.797848931	418.133	281.600	573.9687	0.1613	574.6562	0.8710	0.6875	0.9868	304.000	384.000	368.000	80.000	20.23	F
186	Spectrogram 1	1	574.956206359	576.635266177	2548.435	938.667	575.1249	0.0943	576.4999	0.9245	1.3750	1.6791	976.000	2016.000	992.000	1040.000	13.08	L
187	Spectrogram 1	1	578.181318651	580.022533009	2405.454	853.333	578.4062	0.1207	579.9062	0.9483	1.5000	1.8412	896.000	1984.000	960.000	1088.000	14.30	L
188	Spectrogram 1	1	582.394371127	583.955425548	2472.739	746.171	582.6249	0.1429	583.8437	0.9388	1.2188	1.5611	816.000	1984.000	944.000	1168.000	13.63	L
189	Spectrogram 1	1	585.204269084	587.806026451	2775.524	887.467	585.4999	0.1098	587.3124	0.8171	1.8125	2.6018	928.000	2048.000	1056.000	1120.000	14.97	L
190	Spectrogram 1	1	588.861216501	590.962825390	2775.524	870.400	589.1249	0.1212	590.6874	0.8788	1.5625	2.1016	912.000	2080.000	928.000	1168.000	15.25	L
191	Spectrogram 1	1	591.863854728	595.160327276	2918.505	658.853	592.2499	0.1143	594.7812	0.8857	2.5312	3.2965	736.000	2016.000	800.000	1280.000	14.33	L
192	Spectrogram 1	1	595.958199535	598.213055920	2868.041	733.867	596.2187	0.1127	597.8124	0.8310	1.5938	2.2549	784.000	1968.000	880.000	1184.000	15.53	L
193	Spectrogram 1	1	598.903327696	601.265784564	622.933	213.333	599.1874	0.1200	600.9999	0.8933	1.8125	2.3625	272.000	592.000	560.000	320.000	14.75	F
194	Spectrogram 1	1	601.765169510	603.069669672	827.733	547.721	601.9999	0.1707	602.7499	0.7561	0.7500	1.3045	592.000	736.000	640.000	144.000	15.91	LS
195	Spectrogram 1	1	603.694091440	606.018328021	682.667	281.600	603.9687	0.1096	605.5624	0.8082	1.5938	2.3242	304.000	592.000	320.000	288.000	17.81	F
196	Spectrogram 1	1	606.432643502	607.255011839	802.133	674.133	606.5937	0.1923	607.0937	0.8077	0.5000	0.8224	704.000	784.000	736.000	80.000	20.26	LS
197	Spectrogram 1	1	607.945801243	610.314222054	614.400	221.867	608.4062	0.1867	609.9374	0.8400	1.5312	2.3684	272.000	592.000	288.000	320.000	18.98	F
198	Spectrogram 1	1	610.770871219	611.603433576	776.533	640.000	610.9374	0.1923	611.4062	0.7692	0.4688	0.8326	672.000	752.000	720.000	80.000	16.26	LS
199	Spectrogram 1	1	612.320800798	614.327379541	648.533	221.867	612.6249	0.1429	614.1249	0.9048	1.5000	2.0066	256.000	608.000	320.000	352.000	18.92	F
200	Spectrogram 1	1	614.853695277	615.939695855	776.533	631.467	614.9687	0.0882	615.5937	0.6765	0.6250	1.0860	656.000	736.000	704.000	80.000	18.50	LS
201	Spectrogram 1	1	616.460047328	618.749593812	605.867	204.800	616.7812	0.1389	618.2812	0.8056	1.5000	2.2895	256.000	576.000	320.000	320.000	18.44	F
202	Spectrogram 1	1	619.590536900	621.837012554	650.915	187.733	619.8749	0.1268	621.5624	0.8873	1.6875	2.2465	240.000	624.000	320.000	384.000	19.43	F
203	Spectrogram 1	1	626.432641467	628.636588612	706.481	179.200	626.7812	0.1571	628.4062	0.9000	1.6250	2.2039	224.000	640.000	640.000	416.000	15.90	F
204	Spectrogram 1	1	629.367407887	630.255565691	819.200	605.867	629.5312	0.1786	630.1249	0.8571	0.5938	0.8882	640.000	784.000	672.000	144.000	17.96	LS
205	Spectrogram 1	1	631.110828762	633.095510655	665.600	187.733	631.3749	0.1270	632.7499	0.8254	1.3750	1.9847	224.000	640.000	640.000	416.000	17.60	F
206	Spectrogram 1	1	633.546481932	634.531881045	896.000	588.800	633.8124	0.2581	634.3437	0.8065	0.5312	0.9854	640.000	784.000	640.000	144.000	19.91	LS
207	Spectrogram 1	1	635.452933583	637.229249192	674.133	153.600	635.6562	0.1071	636.9999	0.8750	1.3438	1.7763	192.000	640.000	208.000	448.000	15.53	F
208	Spectrogram 1	1	643.676616957	645.617406234	622.933	170.667	643.8124	0.0656	645.2812	0.8361	1.4688	1.9408	224.000	592.000	560.000	368.000	13.69	F
209	Spectrogram 1	1	646.373985104	647.360827109	904.533	690.605	646.5312	0.1613	647.1874	0.8387	0.6562	0.9868	736.000	880.000	832.000	144.000	14.87	LS
210	Spectrogram 1	1	650.946353060	652.822516276	706.481	196.267	651.1249	0.0847	652.5312	0.8475	1.4062	1.8762	224.000	640.000	576.000	416.000	14.86	F
211	Spectrogram 1	1	653.545037006	654.591711286	861.867	665.600	653.7187	0.1562	654.2499	0.6875	0.5312	1.0467	720.000	816.000	736.000	96.000	22.66	LS
212	Spectrogram 1	1	656.402213509	656.513861937	3462.485	174.763	656.4062	0.0000	656.4999	1.0000	0.0938	0.1116	208.000	1696.000	592.000	1488.000	17.40	break
213	Spectrogram 1	1	657.495015192	659.337120268	682.667	204.800	657.6249	0.0690	658.9999	0.8276	1.3750	1.8421	256.000	656.000	624.000	400.000	14.66	F
214	Spectrogram 1	1	660.356857006	662.133172615	1024.000	769.984	660.6562	0.1607	661.6249	0.7143	0.9688	1.7763	832.000	944.000	848.000	112.000	21.09	LS
215	Spectrogram 1	1	664.523032519	666.705540571	2161.544	853.333	664.9999	0.2174	666.4687	0.8986	1.4688	2.1825	896.000	1440.000	976.000	544.000	14.43	L
216	Spectrogram 1	1	668.130802735	670.455540189	2632.542	904.533	668.8749	0.3151	670.1874	0.8904	1.3125	2.3247	928.000	1280.000	960.000	352.000	15.16	L
217	Spectrogram 1	1	671.902908463	673.712118805	2464.329	904.533	672.3124	0.2281	673.4687	0.8772	1.1562	1.8092	944.000	1600.000	960.000	656.000	15.67	L
218	Spectrogram 1	1	675.954201209	678.256832554	2531.614	853.333	676.4374	0.2055	677.7187	0.7671	1.2812	2.3026	896.000	1264.000	912.000	368.000	16.02	L
219	Spectrogram 1	1	679.693583516	682.110912321	2666.185	921.600	680.1249	0.1711	681.6874	0.8289	1.5625	2.4173	960.000	1616.000	992.000	656.000	16.14	L
220	Spectrogram 1	1	683.279109467	685.094260769	2741.881	810.667	683.4999	0.1207	684.6874	0.7759	1.1875	1.8152	848.000	1712.000	864.000	864.000	15.44	L
221	Spectrogram 1	1	686.897530152	688.805424694	2716.649	742.400	687.4374	0.2833	688.3437	0.7667	0.9062	1.9079	784.000	1280.000	800.000	496.000	16.50	L
222	Spectrogram 1	1	690.124325012	692.456740112	2716.649	750.933	690.6562	0.2297	692.1874	0.8919	1.5312	2.3324	800.000	1264.000	832.000	464.000	17.21	L
223	Spectrogram 1	1	693.312003183	696.305423931	640.000	256.000	693.8437	0.1789	695.9687	0.8947	2.1250	2.9934	304.000	592.000	320.000	288.000	19.18	F
224	Spectrogram 1	1	697.292265936	699.906932452	648.533	230.400	697.6562	0.1325	699.4062	0.8072	1.7500	2.6147	288.000	608.000	320.000	320.000	20.03	F
225	Spectrogram 1	1	700.943581354	703.341252177	682.667	281.600	701.4374	0.2000	702.8749	0.8133	1.4375	2.3977	320.000	640.000	336.000	320.000	20.10	F
226	Spectrogram 1	1	703.653463061	704.798236303	836.267	622.933	703.8749	0.1944	704.5312	0.7778	0.6562	1.1448	656.000	752.000	720.000	96.000	21.36	LS
227	Spectrogram 1	1	705.637955460	707.920345143	640.000	204.800	705.9999	0.1528	707.5937	0.8611	1.5938	2.2824	272.000	608.000	320.000	336.000	19.00	F
228	Spectrogram 1	1	707.845969252	709.496551809	1259.112	948.220	708.0937	0.1373	709.3749	0.9412	1.2812	1.6506	992.000	1168.000	1024.000	176.000	15.25	L
229	Spectrogram 1	1	708.993218277	711.197165421	674.133	213.333	709.3437	0.1571	711.0624	0.9429	1.7188	2.2039	256.000	640.000	320.000	384.000	18.71	F
230	Spectrogram 1	1	711.554420971	713.012078294	1360.152	971.537	711.6562	0.0652	712.8749	0.9130	1.2188	1.4577	1008.000	1296.000	1024.000	288.000	11.91	L
231	Spectrogram 1	1	714.984202908	716.613349327	1274.657	785.002	715.3437	0.2157	716.4687	0.9216	1.1250	1.6291	864.000	1088.000	960.000	224.000	14.06	L
232	Spectrogram 1	1	715.835322844	717.743217387	665.600	196.267	716.1874	0.1833	717.5624	0.9167	1.3750	1.9079	240.000	624.000	256.000	384.000	15.30	F
233	Spectrogram 1	1	718.708965692	719.552427729	809.674	580.267	718.8749	0.1923	719.2812	0.6923	0.4062	0.8435	624.000	704.000	640.000	80.000	18.59	LS
234	Spectrogram 1	1	720.769532868	722.447164277	706.481	204.800	720.9062	0.0755	722.1874	0.8491	1.2812	1.6776	256.000	656.000	640.000	400.000	16.67	F
235	Spectrogram 1	1	723.112194661	723.770089331	920.806	631.467	723.2187	0.1500	723.6249	0.8000	0.4062	0.6579	672.000	800.000	720.000	128.000	20.03	LS
236	Spectrogram 1	1	724.954299737	726.862194279	657.067	162.133	725.2812	0.1667	726.7187	0.9333	1.4375	1.9079	240.000	624.000	256.000	384.000	16.08	F
237	Spectrogram 1	1	731.567184908	734.330342522	674.729	179.200	731.9062	0.1149	734.2187	0.9655	2.3125	2.7632	208.000	624.000	240.000	416.000	14.40	F
238	Spectrogram 1	1	735.021131925	736.073763397	865.240	674.133	735.2499	0.2121	735.8749	0.8182	0.6250	1.0526	720.000	800.000	752.000	80.000	18.39	LS
239	Spectrogram 1	1	736.073763397	738.475078943	666.791	213.333	736.2812	0.0789	738.2499	0.9079	1.9688	2.4013	240.000	608.000	272.000	368.000	13.19	F
240	Spectrogram 1	1	740.086920884	742.455341696	698.543	170.667	740.4687	0.1600	742.2812	0.9333	1.8125	2.3684	208.000	608.000	224.000	400.000	14.55	F
241	Spectrogram 1	1	743.014552165	744.165867837	861.867	597.333	743.3124	0.2500	743.9687	0.8333	0.6562	1.1513	624.000	816.000	752.000	192.000	14.05	LS
242	Spectrogram 1	1	744.952588588	746.764551783	691.200	170.667	745.2187	0.1404	746.6249	0.9298	1.4062	1.8120	208.000	624.000	224.000	416.000	14.00	F
243	Spectrogram 1	1	747.104333384	747.215981812	2643.285	98.304	747.1249	0.0000	747.1874	1.0000	0.0625	0.1116	160.000	1408.000	224.000	1248.000	15.36	break
244	Spectrogram 1	1	747.276825169	750.052033027	622.933	170.667	747.5312	0.0909	749.8437	0.9318	2.3125	2.7752	208.000	592.000	224.000	384.000	14.83	F
245	Spectrogram 1	1	749.774512241	751.162116171	827.733	682.667	750.1249	0.2500	750.9374	0.8409	0.8125	1.3876	736.000	800.000	784.000	64.000	19.17	LS
246	Spectrogram 1	1	753.936727209	755.877516486	2312.936	878.933	754.1874	0.1290	755.6874	0.9032	1.5000	1.9408	912.000	1744.000	944.000	832.000	12.55	L
247	Spectrogram 1	1	754.331464011	756.677841789	657.067	230.400	754.5312	0.0811	756.3124	0.8514	1.7812	2.3464	272.000	608.000	288.000	336.000	14.49	F
248	Spectrogram 1	1	757.094122968	758.065445718	793.600	631.467	757.2499	0.1333	757.8124	0.7333	0.5625	0.9713	656.000	752.000	704.000	96.000	17.70	LS
249	Spectrogram 1	1	757.686726828	759.923568706	2758.702	938.667	757.9999	0.1408	759.6874	0.9014	1.6875	2.2368	976.000	1936.000	1024.000	960.000	14.38	L
250	Spectrogram 1	1	759.232779302	760.943305444	708.267	238.933	759.4687	0.1296	760.7499	0.8889	1.2812	1.7105	272.000	672.000	352.000	400.000	15.55	F
251	Spectrogram 1	1	761.272252779	762.949884187	2809.166	904.533	761.5312	0.1509	762.8124	0.9245	1.2812	1.6776	944.000	2064.000	976.000	1120.000	14.13	L
252	Spectrogram 1	1	763.570358124	765.412463200	682.667	196.267	763.7812	0.1034	765.2499	0.9138	1.4688	1.8421	240.000	656.000	272.000	416.000	14.70	F
253	Spectrogram 1	1	765.525213730	767.550528660	2809.166	849.364	765.8124	0.1406	767.4374	0.9531	1.6250	2.0253	928.000	1872.000	960.000	944.000	14.31	L
254	Spectrogram 1	1	766.867251847	768.269039280	716.800	204.800	766.9999	0.0909	768.1874	0.9545	1.1875	1.4018	240.000	704.000	272.000	464.000	13.67	F
255	Spectrogram 1	1	769.169357038	771.213701025	2842.809	878.933	769.3749	0.0938	770.9374	0.8750	1.5625	2.0443	912.000	2000.000	944.000	1088.000	14.52	L
256	Spectrogram 1	1	772.213288507	773.670945830	2405.454	819.200	772.3749	0.1087	773.5937	0.9565	1.2188	1.4577	848.000	1904.000	880.000	1056.000	14.03	L
257	Spectrogram 1	1	773.109700796	775.397252911	650.915	256.000	773.2812	0.0694	775.1874	0.9167	1.9062	2.2876	288.000	624.000	320.000	336.000	14.34	F
258	Spectrogram 1	1	776.067887717	776.989641612	762.047	537.600	776.1874	0.1071	776.8749	0.8929	0.6875	0.9218	560.000	704.000	608.000	144.000	15.58	LS
259	Spectrogram 1	1	776.710971830	778.719620994	2767.113	777.922	776.8124	0.0469	778.5937	0.9375	1.7812	2.0086	800.000	2160.000	800.000	1360.000	14.79	L
260	Spectrogram 1	1	777.930147390	779.903831400	682.667	204.800	778.0937	0.0806	779.7187	0.9194	1.6250	1.9737	240.000	624.000	320.000	384.000	14.77	F
261	Spectrogram 1	1	780.371886958	782.245152262	2615.721	587.411	780.5937	0.1186	782.0312	0.8983	1.4375	1.8733	640.000	1824.000	816.000	1184.000	14.84	L
262	Spectrogram 1	1	783.520373185	786.199823200	631.467	307.200	783.9374	0.1529	785.9062	0.8941	1.9688	2.6795	320.000	560.000	336.000	240.000	16.98	F
263	Spectrogram 1	1	787.240526147	789.638793615	635.039	273.067	787.8124	0.2368	789.4374	0.9211	1.6250	2.3983	320.000	560.000	336.000	240.000	16.29	F
264	Spectrogram 1	1	791.854923710	794.386686382	640.000	264.533	792.2499	0.1500	793.8749	0.8000	1.6250	2.5318	304.000	608.000	320.000	304.000	14.56	F
265	Spectrogram 1	1	796.625181754	798.792328857	640.000	221.867	797.0937	0.2059	798.5312	0.8824	1.4375	2.1671	256.000	560.000	320.000	304.000	14.99	F
266	Spectrogram 1	1	799.750181436	802.381760116	622.933	230.400	800.4687	0.2651	802.0312	0.8675	1.5625	2.6316	272.000	544.000	320.000	272.000	15.51	F
267	Spectrogram 1	1	802.538859466	803.565970522	1111.318	981.333	802.7812	0.2188	803.4374	0.8750	0.6562	1.0271	1008.000	1088.000	1040.000	80.000	15.23	LS
268	Spectrogram 1	1	804.651496727	806.723864937	605.867	213.333	805.0937	0.2121	806.4687	0.8788	1.3750	2.0724	272.000	560.000	336.000	288.000	15.40	F
269	Spectrogram 1	1	809.059391016	810.961016040	648.533	170.667	809.3749	0.1667	810.7812	0.9167	1.4062	1.9016	192.000	544.000	320.000	352.000	15.27	F
270	Spectrogram 1	1	818.577676526	820.849907059	665.600	187.733	818.6874	0.0417	820.7187	0.9444	2.0312	2.2722	224.000	592.000	288.000	368.000	14.20	F
271	Spectrogram 1	1	833.876583958	835.455531166	614.400	230.400	834.1562	0.1633	835.3437	0.9388	1.1875	1.5789	256.000	592.000	288.000	336.000	15.24	F
272	Spectrogram 1	1	839.234387082	840.977807958	580.267	187.733	839.4062	0.0909	840.8437	0.9273	1.4375	1.7434	208.000	528.000	320.000	320.000	15.92	F
273	Spectrogram 1	1	842.199721012	842.311369440	3211.264	131.072	842.2187	0.0000	842.2812	1.0000	0.0625	0.1116	224.000	1776.000	400.000	1552.000	17.50	break
274	Spectrogram 1	1	843.115965635	845.188333845	665.600	162.133	843.3437	0.1061	844.9687	0.8939	1.6250	2.0724	192.000	592.000	336.000	400.000	14.78	F
275	Spectrogram 1	1	845.681754847	846.800175786	819.200	716.800	845.9374	0.2286	846.5937	0.8286	0.6562	1.1184	752.000	800.000	784.000	48.000	20.02	LS
276	Spectrogram 1	1	849.406818280	850.854186554	887.467	759.467	849.6249	0.1333	850.6562	0.8667	1.0312	1.4474	768.000	864.000	848.000	96.000	13.97	LS
277	Spectrogram 1	1	852.334449561	854.242344104	2573.667	878.933	852.5624	0.1167	853.9999	0.8833	1.4375	1.9079	912.000	1920.000	944.000	1008.000	13.85	L
278	Spectrogram 1	1	855.294975576	857.071291185	2455.918	776.533	855.5624	0.1429	856.9374	0.9286	1.3750	1.7763	800.000	1968.000	832.000	1168.000	14.04	L
279	Spectrogram 1	1	859.472606730	861.756590732	2464.329	768.000	860.0937	0.2639	861.6249	0.9444	1.5312	2.2840	832.000	1616.000	864.000	784.000	14.45	L
280	Spectrogram 1	1	863.480716980	865.753710599	2413.864	682.667	864.0312	0.2361	865.5624	0.9167	1.5312	2.2730	752.000	1552.000	800.000	800.000	14.81	L
281	Spectrogram 1	1	867.069499939	869.975121490	614.400	238.933	867.4999	0.1413	869.7187	0.9130	2.2188	2.9056	288.000	576.000	320.000	288.000	18.43	F
282	Spectrogram 1	1	873.056341435	875.358972780	631.467	213.333	873.4687	0.1781	875.1249	0.9041	1.6562	2.3026	256.000	592.000	288.000	336.000	14.00	F
283	Spectrogram 1	1	876.181341117	877.069498922	733.867	571.535	876.3124	0.1429	876.9062	0.8214	0.5938	0.8882	624.000	688.000	640.000	64.000	19.29	LS
284	Spectrogram 1	1	877.919153984	879.898446002	665.600	213.333	878.1562	0.1129	879.5937	0.8548	1.4375	1.9793	256.000	624.000	320.000	368.000	15.43	F
285	Spectrogram 1	1	880.391867005	881.630994495	708.267	588.800	880.6562	0.2051	881.3124	0.7436	0.6562	1.2391	608.000	688.000	640.000	80.000	16.41	LS
286	Spectrogram 1	1	882.324796459	884.372129758	658.853	213.333	882.6249	0.1406	884.0312	0.8438	1.4062	2.0473	240.000	624.000	256.000	384.000	16.85	F
287	Spectrogram 1	1	884.832656027	885.620355791	762.047	587.411	884.9687	0.1667	885.4687	0.8333	0.5000	0.7877	608.000	720.000	640.000	112.000	16.71	LS
288	Spectrogram 1	1	886.576076902	888.747129313	614.400	221.867	886.9062	0.1471	888.4687	0.8824	1.5625	2.1711	256.000	576.000	288.000	320.000	16.55	F
289	Spectrogram 1	1	889.374531388	890.320719032	793.798	619.163	889.4999	0.1333	890.0937	0.7667	0.5938	0.9462	672.000	768.000	752.000	96.000	20.39	LS
290	Spectrogram 1	1	890.910450701	893.026546693	640.000	204.800	891.2812	0.1667	892.6562	0.8333	1.3750	2.1161	256.000	608.000	288.000	352.000	16.17	F
291	Spectrogram 1	1	893.552162542	894.622291212	833.488	682.667	893.8437	0.2727	894.2812	0.6970	0.4375	1.0701	720.000	752.000	736.000	32.000	18.61	LS
292	Spectrogram 1	1	895.394267617	897.466879267	614.400	179.200	895.7499	0.1692	897.2499	0.9077	1.5000	2.0726	208.000	560.000	224.000	352.000	16.02	F
293	Spectrogram 1	1	902.137687984	904.604792996	622.933	213.333	902.6874	0.2179	904.4062	0.9231	1.7188	2.4671	256.000	592.000	256.000	336.000	16.45	F
294	Spectrogram 1	1	908.333531429	911.092550575	605.867	196.267	908.6249	0.1034	910.9062	0.9425	2.2812	2.7590	240.000	576.000	560.000	336.000	13.82	F
295	Spectrogram 1	1	912.754921861	913.089867144	3178.496	120.149	912.7812	0.0000	913.0624	1.0000	0.2812	0.3349	160.000	1360.000	176.000	1200.000	17.16	break
296	Spectrogram 1	1	915.044057062	917.182214740	650.915	230.400	915.2187	0.0746	916.9999	0.9254	1.7812	2.1382	256.000	592.000	320.000	336.000	15.66	F
297	Spectrogram 1	1	918.070372544	919.419056617	817.612	563.200	918.3124	0.1667	919.2499	0.8810	0.9375	1.3487	672.000	768.000	688.000	96.000	20.00	LS
298	Spectrogram 1	1	921.587258953	923.677518936	2035.384	833.488	921.9374	0.1667	923.3437	0.8485	1.4062	2.0903	864.000	1472.000	912.000	608.000	13.21	L
299	Spectrogram 1	1	925.173550023	927.673549768	2397.043	896.000	925.6249	0.1772	927.2499	0.8354	1.6250	2.5000	928.000	1408.000	944.000	480.000	14.88	L
300	Spectrogram 1	1	928.627497040	931.094602052	2363.400	844.800	929.3749	0.2949	930.6562	0.8205	1.2812	2.4671	912.000	1456.000	960.000	544.000	15.72	L
301	Spectrogram 1	1	933.390746440	936.135402668	2354.990	819.200	934.0312	0.2299	935.4374	0.7471	1.4062	2.7447	848.000	1296.000	880.000	448.000	15.17	L
302	Spectrogram 1	1	936.826192071	939.357443335	2598.899	836.267	937.6874	0.3375	938.9062	0.8250	1.2188	2.5313	864.000	1392.000	880.000	528.000	15.30	L
303	Spectrogram 1	1	940.378823289	942.375481881	2640.953	759.467	940.8749	0.2381	941.4999	0.5556	0.6250	1.9967	800.000	992.000	832.000	192.000	14.99	L
304	Spectrogram 1	1	943.964349240	946.365551256	2397.043	690.605	944.5937	0.2632	945.6874	0.7237	1.0938	2.4012	768.000	928.000	784.000	160.000	15.58	L
305	Spectrogram 1	1	947.188033122	949.326190800	2489.561	650.915	947.7499	0.2537	949.0624	0.8806	1.3125	2.1382	752.000	992.000	784.000	240.000	16.13	L
306	Spectrogram 1	1	950.303459837	953.407641196	614.400	221.867	950.7812	0.1515	953.0624	0.8889	2.2812	3.1042	288.000	576.000	368.000	288.000	18.98	F
307	Spectrogram 1	1	955.928459265	958.401307893	640.000	273.067	956.4062	0.1923	958.1249	0.8974	1.7188	2.4728	304.000	592.000	320.000	288.000	20.39	F
308	Spectrogram 1	1	958.823195813	959.962362313	878.933	642.977	959.1249	0.2571	959.6874	0.7714	0.5625	1.1392	688.000	768.000	752.000	80.000	24.29	LS
309	Spectrogram 1	1	960.599511421	963.153851350	631.467	230.400	961.0312	0.1625	962.7187	0.8375	1.6875	2.5543	272.000	592.000	288.000	320.000	19.57	F
310	Spectrogram 1	1	963.951723609	966.388984517	665.600	196.267	964.3749	0.1688	966.1562	0.9091	1.7812	2.4373	256.000	624.000	320.000	368.000	17.77	F
311	Spectrogram 1	1	969.236728575	972.460412457	631.467	264.533	970.0624	0.2549	971.8124	0.8039	1.7500	3.2237	304.000	608.000	320.000	304.000	16.24	F
312	Spectrogram 1	1	972.822254526	973.743307064	768.000	631.467	972.9687	0.1429	973.4999	0.7500	0.5312	0.9211	688.000	736.000	720.000	48.000	21.16	LS
313	Spectrogram 1	1	974.631464868	976.934096213	631.467	247.467	974.8437	0.0833	976.4687	0.8056	1.6250	2.3026	288.000	592.000	320.000	304.000	19.25	F
314	Spectrogram 1	1	977.248692708	978.315675020	793.600	640.000	977.4374	0.1765	977.9374	0.6471	0.5000	1.0670	688.000	736.000	704.000	48.000	24.26	LS
315	Spectrogram 1	1	979.052577816	981.210411567	648.533	204.800	979.3749	0.1471	980.7499	0.7941	1.3750	2.1578	240.000	624.000	256.000	384.000	17.37	F
316	Spectrogram 1	1	981.584954987	982.526200907	865.240	580.267	981.7499	0.1724	982.3437	0.8276	0.5938	0.9412	672.000	784.000	736.000	112.000	21.66	LS
317	Spectrogram 1	1	983.215389604	985.296795497	648.533	162.133	983.4687	0.1212	985.0937	0.9091	1.6250	2.0814	208.000	624.000	240.000	416.000	17.36	F
318	Spectrogram 1	1	989.006463406	991.539357885	622.933	221.867	989.5312	0.2000	991.3749	0.9375	1.8438	2.5329	256.000	576.000	336.000	320.000	16.32	F
319	Spectrogram 1	1	992.328831489	993.348568227	827.733	640.000	992.5312	0.1875	993.0624	0.7188	0.5312	1.0197	688.000	768.000	704.000	80.000	19.71	LS
320	Spectrogram 1	1	994.170936565	996.078831107	665.600	182.574	994.4687	0.1500	995.8749	0.9000	1.4062	1.9079	224.000	624.000	240.000	400.000	16.61	F
321	Spectrogram 1	1	996.703831044	997.427515181	802.133	597.333	996.8124	0.1364	997.2812	0.8182	0.4688	0.7237	624.000	752.000	640.000	128.000	15.88	LS
322	Spectrogram 1	1	998.461128806	1000.500602283	588.800	187.733	998.8437	0.1846	1000.3437	0.9231	1.5000	2.0395	224.000	560.000	256.000	336.000	15.94	F
323	Spectrogram 1	1	1005.961128043	1008.197969921	665.600	264.533	1006.2499	0.1268	1007.9687	0.9014	1.7188	2.2368	304.000	624.000	320.000	320.000	15.38	F
324	Spectrogram 1	1	1008.954548791	1009.908496063	844.800	665.600	1009.1562	0.2000	1009.7812	0.8667	0.6250	0.9539	720.000	800.000	768.000	80.000	18.49	LS
325	Spectrogram 1	1	1010.091865264	1010.203513692	3298.645	141.995	1010.0937	0.0000	1010.1874	1.0000	0.0938	0.1116	160.000	1696.000	336.000	1536.000	18.69	break
326	Spectrogram 1	1	1010.994022268	1012.869022077	648.533	247.467	1011.2499	0.1356	1012.6874	0.9153	1.4375	1.8750	288.000	624.000	608.000	336.000	18.46	F
327	Spectrogram 1	1	1013.658495681	1014.678232420	768.000	640.000	1013.8749	0.1935	1014.3749	0.7097	0.5000	1.0197	688.000	752.000	736.000	64.000	19.13	LS
328	Spectrogram 1	1	1017.358519843	1019.332203852	2169.955	785.067	1017.8437	0.2419	1018.9999	0.8387	1.1562	1.9737	832.000	1216.000	880.000	384.000	14.49	L
329	Spectrogram 1	1	1020.340042495	1021.996677266	2354.990	698.543	1020.6562	0.1923	1021.7812	0.8846	1.1250	1.6566	736.000	1728.000	832.000	992.000	14.70	L
330	Spectrogram 1	1	1022.976489961	1025.023205756	2422.275	622.933	1023.4999	0.2500	1024.7187	0.8594	1.2188	2.0467	688.000	1120.000	832.000	432.000	16.26	L
331	Spectrogram 1	1	1026.861780962	1028.839116561	2422.275	725.333	1027.3749	0.2581	1028.4687	0.8226	1.0938	1.9773	784.000	1008.000	832.000	224.000	16.47	L
332	Spectrogram 1	1	1029.914509606	1032.358518317	2556.846	642.977	1030.3749	0.1818	1032.0312	0.8701	1.6562	2.4440	720.000	1440.000	752.000	720.000	16.33	L
333	Spectrogram 1	1	1033.314139233	1036.075623202	657.067	230.400	1033.8124	0.1724	1035.6874	0.8621	1.8750	2.7615	288.000	592.000	384.000	304.000	17.63	F
334	Spectrogram 1	1	1036.852529252	1039.258492517	597.333	213.333	1037.3437	0.1974	1039.1562	0.9605	1.8125	2.4060	272.000	576.000	320.000	304.000	17.23	F
335	Spectrogram 1	1	1040.784146259	1042.563345639	847.180	652.873	1040.9999	0.1071	1042.3749	0.8929	1.3750	1.7792	672.000	832.000	704.000	160.000	15.17	LS
336	Spectrogram 1	1	1043.999566825	1045.478660285	746.140	240.941	1044.1249	0.0851	1045.3749	0.9362	1.2500	1.4791	272.000	672.000	288.000	400.000	14.37	F
337	Spectrogram 1	1	1045.907383027	1047.257859665	816.091	652.873	1046.1874	0.1905	1047.0312	0.8333	0.8438	1.3505	672.000	784.000	688.000	112.000	17.82	LS
338	Spectrogram 1	1	1047.978805443	1050.309701002	793.414	238.024	1048.1874	0.0822	1050.1562	0.9452	1.9688	2.3309	256.000	688.000	320.000	432.000	13.30	F
339	Spectrogram 1	1	1053.507457272	1054.622136402	816.091	691.734	1053.6562	0.1176	1054.4999	0.9118	0.8438	1.1147	720.000	800.000	784.000	80.000	16.16	LS
340	Spectrogram 1	1	1055.543890297	1057.730376282	637.328	256.486	1055.8437	0.1304	1057.6249	0.9565	1.7812	2.1865	288.000	608.000	304.000	320.000	14.15	F
341	Spectrogram 1	1	1058.887927685	1059.788245444	901.586	660.645	1059.0624	0.1786	1059.7187	0.9286	0.6562	0.9003	720.000	880.000	848.000	160.000	17.67	LS
342	Spectrogram 1	1	1061.443150395	1062.815063170	606.239	326.436	1061.5937	0.0930	1062.7187	0.9302	1.1250	1.3719	352.000	576.000	576.000	224.000	13.62	F
343	Spectrogram 1	1	1064.830060058	1065.408835760	753.913	660.645	1064.9999	0.2778	1065.3124	0.8333	0.3125	0.5788	688.000	752.000	720.000	64.000	17.78	LS
344	Spectrogram 1	1	1123.122667633	1124.880430876	699.733	119.467	1123.3749	0.1429	1124.6249	0.8571	1.2500	1.7578	208.000	544.000	240.000	336.000	13.56	F
345	Spectrogram 1	1	1128.553795236	1130.954642592	648.533	238.933	1128.7187	0.0658	1130.7499	0.9211	2.0312	2.4008	256.000	592.000	304.000	336.000	13.49	F
346	Spectrogram 1	1	1131.833524213	1132.948203343	1143.467	665.600	1131.9999	0.1429	1132.7812	0.8571	0.7812	1.1147	752.000	1040.000	848.000	288.000	14.94	LS
347	Spectrogram 1	1	1133.612723593	1135.756337303	750.933	221.867	1133.9062	0.1324	1135.5937	0.9265	1.6875	2.1436	288.000	656.000	304.000	368.000	13.24	F
348	Spectrogram 1	1	1137.128250078	1139.314736062	768.000	153.600	1137.3124	0.0725	1139.1874	0.9420	1.8750	2.1865	224.000	608.000	272.000	384.000	14.33	F
349	Spectrogram 1	1	1165.429775133	1167.487644295	768.000	238.933	1165.6249	0.0923	1167.4062	0.9692	1.7812	2.0579	272.000	656.000	336.000	384.000	13.33	F
350	Spectrogram 1	1	1170.551059738	1172.866162545	733.867	187.733	1170.8124	0.1096	1172.6874	0.9315	1.8750	2.3151	240.000	656.000	288.000	416.000	14.05	F
351	Spectrogram 1	1	1175.208542344	1177.009177861	819.200	204.800	1175.3749	0.0877	1176.8437	0.9123	1.4688	1.8006	240.000	672.000	304.000	432.000	13.71	F
352	Spectrogram 1	1	1177.609389700	1178.359654498	904.533	597.333	1177.7187	0.1304	1178.3124	0.9565	0.5938	0.7503	624.000	848.000	720.000	224.000	11.74	LS
353	Spectrogram 1	1	1179.259972257	1181.467894378	724.982	144.715	1179.4687	0.0870	1181.2499	0.9130	1.7812	2.2079	208.000	656.000	240.000	448.000	12.96	F
354	Spectrogram 1	1	1069.314072586	1069.314072586	2677.570	242.726	1069.3124	NaN	1069.3124	NaN	0.0000	0.0000	320.000	1984.000	384.000	1664.000	13.65	break
