Selection	View	Channel	Begin Time (s)	End Time (s)	High Freq (Hz)	Low Freq (Hz)	Time 5% (s)	Time 5% Rel.	Time 95% (s)	Time 95% Rel.	Dur 90% (s)	Delta Time (s)	Freq 5% (Hz)	Freq 95% (Hz)	Peak Freq (Hz)	BW 90% (Hz)	SNR NIST Quick (dB)	QualName
1	Spectrogram 1	1	7.466488608	9.350555826	682.667	106.924	7.5937	0.0667	9.0937	0.8667	1.5000	1.8841	224.000	656.000	608.000	432.000	17.70	F
2	Spectrogram 1	1	10.257699302	11.095062510	929.414	723.791	10.4374	0.1923	10.9374	0.8077	0.5000	0.8374	768.000	832.000	800.000	64.000	18.27	LS
3	Spectrogram 1	1	14.486763007	15.393906482	1653.205	896.514	14.5937	0.1071	15.2187	0.8214	0.6250	0.9071	976.000	1536.000	1280.000	560.000	12.51	L
4	Spectrogram 1	1	17.417534236	19.709778617	2008.233	847.165	17.6874	0.1111	19.5624	0.9444	1.8750	2.2922	896.000	1728.000	1024.000	832.000	13.33	V
5	Spectrogram 1	1	20.826165630	23.348856961	2187.184	912.964	21.2812	0.1750	22.9374	0.8375	1.6562	2.5227	960.000	1968.000	1024.000	1008.000	13.16	V
6	Spectrogram 1	1	24.114224063	26.779122119	2386.019	746.613	24.3124	0.0714	26.3749	0.8571	2.0625	2.6649	832.000	2032.000	1280.000	1200.000	13.03	L
7	Spectrogram 1	1	28.812762066	31.324851691	1768.353	921.189	29.4999	0.2658	30.9687	0.8608	1.4688	2.5121	960.000	1664.000	1024.000	704.000	14.59	V
8	Spectrogram 1	1	32.487856147	34.906905415	2631.968	1028.112	32.8437	0.1429	34.5937	0.8701	1.7500	2.4190	1040.000	2272.000	1136.000	1232.000	13.38	V
9	Spectrogram 1	1	36.279250673	37.418995040	1332.434	732.016	36.4062	0.1111	37.2499	0.8611	0.8438	1.1397	784.000	1264.000	1136.000	480.000	14.82	L
10	Spectrogram 1	1	40.245016572	42.198864058	2286.602	1061.012	40.6249	0.1935	41.9374	0.8710	1.3125	1.9538	1120.000	2000.000	1264.000	880.000	12.66	L
11	Spectrogram 1	1	43.571209316	45.222675644	1799.456	896.514	43.9062	0.1923	44.8749	0.7885	0.9688	1.6515	928.000	1568.000	944.000	640.000	14.22	V
12	Spectrogram 1	1	46.269379654	47.571944645	1809.398	732.016	46.4687	0.1463	47.4687	0.9268	1.0000	1.3026	768.000	1552.000	1024.000	784.000	15.04	L
13	Spectrogram 1	1	49.020399933	52.346592677	699.116	213.847	49.3124	0.0849	51.7187	0.8113	2.4062	3.3262	336.000	640.000	416.000	304.000	23.47	F
14	Spectrogram 1	1	53.718937935	56.603188986	855.390	213.847	53.9999	0.0879	56.1874	0.8571	2.1875	2.8843	336.000	656.000	432.000	320.000	22.86	F
15	Spectrogram 1	1	58.009237448	61.219129746	723.791	205.622	58.3437	0.0980	60.6562	0.8235	2.3125	3.2099	336.000	656.000	416.000	320.000	23.67	F
16	Spectrogram 1	1	64.242941332	66.824811224	682.667	222.072	64.6562	0.1585	66.5937	0.9146	1.9375	2.5819	288.000	656.000	416.000	368.000	24.83	F
17	Spectrogram 1	1	68.313456928	71.081407533	707.341	180.948	68.5937	0.0920	70.6249	0.8391	2.0312	2.7680	256.000	672.000	432.000	416.000	22.20	F
18	Spectrogram 1	1	72.756133950	74.616941080	740.241	156.273	72.9062	0.0690	74.3124	0.8448	1.4062	1.8608	224.000	656.000	432.000	432.000	19.74	F
19	Spectrogram 1	1	75.477564377	76.035806516	847.165	575.743	75.6874	0.3529	75.9062	0.7647	0.2188	0.5582	608.000	672.000	640.000	64.000	24.18	LS
20	Spectrogram 1	1	77.285363545	79.750932992	690.892	197.398	77.4374	0.0513	79.3437	0.8333	1.9062	2.4656	272.000	640.000	416.000	368.000	23.60	F
21	Spectrogram 1	1	80.937197537	83.239946360	838.940	180.948	81.2499	0.1370	83.0624	0.9315	1.8125	2.3027	224.000	688.000	416.000	464.000	22.44	F
22	Spectrogram 1	1	98.305996565	100.376144497	748.466	205.622	98.7187	0.1970	100.2499	0.9394	1.5312	2.0701	256.000	656.000	400.000	400.000	18.40	F
23	Spectrogram 1	1	101.399588418	102.329991983	912.964	690.892	101.5937	0.2069	102.2812	0.9655	0.6875	0.9304	752.000	816.000	784.000	64.000	27.16	LS
24	Spectrogram 1	1	104.097758756	108.866077026	2783.689	814.265	104.4687	0.0728	108.4687	0.9205	4.0000	4.7683	896.000	2480.000	992.000	1584.000	12.13	W2
25	Spectrogram 1	1	109.709808191	112.206334392	2613.144	954.088	110.5937	0.3544	111.4687	0.7089	0.8750	2.4965	976.000	1664.000	1024.000	688.000	11.85	V
26	Spectrogram 1	1	113.727435652	115.518462514	1751.904	781.365	114.0624	0.1786	115.4062	0.9464	1.3438	1.7910	832.000	1408.000	1120.000	576.000	12.84	L
27	Spectrogram 1	1	118.081186241	119.686132390	1924.627	1085.687	118.4999	0.2600	119.4062	0.8400	0.9062	1.6049	1184.000	1520.000	1280.000	336.000	14.55	L
28	Spectrogram 1	1	121.593459698	123.826428253	2138.474	896.514	121.9999	0.1831	123.4374	0.8310	1.4375	2.2330	928.000	1856.000	992.000	928.000	13.05	V
29	Spectrogram 1	1	125.175513422	126.826979750	1809.478	756.691	125.7499	0.3462	126.7499	0.9615	1.0000	1.6515	784.000	1424.000	1056.000	640.000	13.72	L
30	Spectrogram 1	1	129.659330473	131.636438048	1439.357	764.916	129.9374	0.1290	131.4687	0.9194	1.5312	1.9771	816.000	1376.000	976.000	560.000	14.35	L
31	Spectrogram 1	1	133.404204821	135.916294446	2179.598	945.863	133.7187	0.1250	135.2499	0.7375	1.5312	2.5121	976.000	1616.000	992.000	640.000	13.63	V
32	Spectrogram 1	1	136.730397566	137.916662111	2130.249	954.088	137.2187	0.4054	137.6874	0.8108	0.4688	1.1863	1008.000	1344.000	1056.000	336.000	13.23	L
33	Spectrogram 1	1	140.609750948	142.101722211	1764.717	880.064	140.8124	0.1277	141.9374	0.8936	1.1250	1.4920	928.000	1504.000	1136.000	576.000	14.11	L
34	Spectrogram 1	1	143.802048375	146.270055437	1819.340	745.631	144.5312	0.2949	145.7187	0.7821	1.1875	2.4680	784.000	1200.000	1056.000	416.000	14.24	V
35	Spectrogram 1	1	147.983949229	149.149397008	1441.553	745.631	148.2499	0.2222	148.9062	0.8056	0.6562	1.1654	832.000	1280.000	1040.000	448.000	15.49	L
36	Spectrogram 1	1	150.632794769	154.005507691	822.490	222.072	151.0937	0.1308	153.8749	0.9626	2.7812	3.3727	272.000	656.000	432.000	384.000	20.72	F
37	Spectrogram 1	1	155.703494197	158.773825961	789.590	197.398	156.1249	0.1340	158.4999	0.9175	2.3750	3.0703	272.000	672.000	416.000	400.000	20.08	F
38	Spectrogram 1	1	161.913937992	164.519067973	830.715	222.072	162.1562	0.0854	164.3437	0.9390	2.1875	2.6051	272.000	736.000	352.000	464.000	20.87	F
39	Spectrogram 1	1	165.984453588	168.612843659	838.940	189.173	166.2812	0.1084	168.3124	0.8916	2.0312	2.6284	240.000	768.000	272.000	528.000	22.38	F
40	Spectrogram 1	1	169.949111853	172.437941389	781.365	172.723	170.2187	0.1013	172.2499	0.9241	2.0312	2.4888	224.000	688.000	272.000	464.000	20.25	F
41	Spectrogram 1	1	176.485196896	178.880986075	797.815	172.723	176.9374	0.1842	178.7499	0.9474	1.8125	2.3958	224.000	672.000	400.000	448.000	18.35	F
42	Spectrogram 1	1	190.764476758	193.285241078	657.752	159.455	190.9374	0.0625	193.0312	0.9000	2.0938	2.5208	192.000	640.000	576.000	448.000	16.34	F
43	Spectrogram 1	1	193.891194039	194.836480659	896.934	707.582	194.0937	0.2069	194.7187	0.8966	0.6250	0.9453	752.000	832.000	752.000	80.000	24.56	LS
44	Spectrogram 1	1	198.132864770	199.853771181	1614.482	976.662	198.5312	0.2222	199.3749	0.7222	0.8438	1.7209	1008.000	1280.000	1168.000	272.000	14.25	V
45	Spectrogram 1	1	201.186867696	203.925775083	1843.698	807.241	201.5937	0.1494	203.1249	0.7126	1.5312	2.7389	928.000	1440.000	1184.000	512.000	12.22	V
46	Spectrogram 1	1	204.925069960	206.549023897	1524.788	916.866	205.1562	0.1373	206.2499	0.8235	1.0938	1.6240	976.000	1440.000	1184.000	464.000	14.17	L
47	Spectrogram 1	1	210.305932258	213.868935672	2172.574	886.968	210.8124	0.1416	212.9374	0.7434	2.1250	3.5630	960.000	1760.000	1152.000	800.000	12.92	V
48	Spectrogram 1	1	214.741507937	217.116843546	1754.005	966.696	215.1249	0.1600	216.3437	0.6800	1.2188	2.3753	992.000	1392.000	1008.000	400.000	13.71	V
49	Spectrogram 1	1	221.430406975	223.478527985	1754.005	1036.457	221.9062	0.2308	223.1249	0.8308	1.2188	2.0481	1072.000	1392.000	1120.000	320.000	14.47	V
50	Spectrogram 1	1	224.652077339	226.615364935	2262.268	966.696	224.9999	0.1774	226.3437	0.8710	1.3438	1.9633	1024.000	1824.000	1152.000	800.000	13.42	V
51	Spectrogram 1	1	227.584889673	228.675605004	1644.380	777.343	227.9999	0.3824	228.6249	0.9706	0.6250	1.0907	832.000	1296.000	1008.000	464.000	13.11	L
52	Spectrogram 1	1	230.213471454	233.469883931	707.341	197.398	230.6874	0.1442	233.1249	0.8942	2.4375	3.2564	288.000	624.000	416.000	336.000	21.30	F
53	Spectrogram 1	1	234.935269545	237.796260507	773.141	246.747	235.3437	0.1429	237.5937	0.9341	2.2500	2.8610	288.000	688.000	400.000	400.000	21.64	F
54	Spectrogram 1	1	239.284906211	242.122637083	723.791	213.847	239.6874	0.1348	241.8124	0.8989	2.1250	2.8377	304.000	656.000	416.000	352.000	20.80	F
55	Spectrogram 1	1	243.634542876	246.193152679	732.016	164.498	243.9062	0.0988	246.0312	0.9383	2.1250	2.5586	224.000	640.000	400.000	416.000	18.55	F
56	Spectrogram 1	1	249.994990320	252.390779500	666.217	189.173	250.3124	0.1316	252.1562	0.9079	1.8438	2.3958	256.000	624.000	304.000	368.000	21.79	F
57	Spectrogram 1	1	253.879425204	256.065873581	682.667	172.723	254.2187	0.1449	255.7499	0.8551	1.5312	2.1864	256.000	656.000	416.000	400.000	22.03	F
58	Spectrogram 1	1	257.484739017	259.322286058	781.365	180.948	257.8124	0.1724	259.1874	0.9310	1.3750	1.8375	224.000	720.000	400.000	496.000	20.83	F
59	Spectrogram 1	1	262.768893171	265.187942439	690.892	172.723	263.0624	0.1169	264.9999	0.9221	1.9375	2.4190	224.000	640.000	432.000	416.000	21.21	F
60	Spectrogram 1	1	266.723108321	269.258458035	806.040	205.622	266.9687	0.0875	268.9374	0.8750	1.9688	2.5353	272.000	640.000	304.000	368.000	20.70	F
61	Spectrogram 1	1	270.584283115	273.235933275	789.590	180.948	270.9999	0.1548	273.0312	0.9286	2.0312	2.6517	224.000	640.000	432.000	416.000	19.21	F
62	Spectrogram 1	1	287.921811230	290.394099313	777.343	139.523	288.5312	0.2436	290.2187	0.9359	1.6875	2.4723	208.000	640.000	288.000	432.000	16.22	F
63	Spectrogram 1	1	291.412100288	292.042291368	906.900	777.343	291.6562	0.3684	292.0312	1.0000	0.3750	0.6302	832.000	880.000	864.000	48.000	22.44	LS
64	Spectrogram 1	1	295.556818545	296.817200705	1315.504	1076.321	295.7499	0.1500	296.5312	0.7750	0.7812	1.2604	1104.000	1264.000	1168.000	160.000	16.53	V
65	Spectrogram 1	1	298.538107116	300.792252133	1953.324	1146.083	298.9374	0.1690	300.4062	0.8310	1.4688	2.2541	1184.000	1744.000	1248.000	560.000	13.58	V
66	Spectrogram 1	1	301.761776871	304.112874362	2112.779	936.798	302.2187	0.1892	303.9062	0.9189	1.6875	2.3511	976.000	1936.000	1184.000	960.000	12.43	V
67	Spectrogram 1	1	309.014506882	310.274889042	1345.401	1136.117	309.2187	0.1538	309.8749	0.6923	0.6562	1.2604	1168.000	1296.000	1232.000	128.000	16.42	V
68	Spectrogram 1	1	311.947319216	313.377368205	1435.095	1016.526	312.1874	0.1556	313.1249	0.8222	0.9375	1.4300	1040.000	1376.000	1168.000	336.000	14.98	V
69	Spectrogram 1	1	314.758940958	316.431371132	2112.779	807.241	314.9374	0.0962	316.3437	0.9615	1.4062	1.6724	848.000	1904.000	992.000	1056.000	11.94	L
70	Spectrogram 1	1	319.315707229	320.915423047	1724.107	936.798	319.7499	0.2600	320.7812	0.9200	1.0312	1.5997	976.000	1520.000	1040.000	544.000	14.07	L
71	Spectrogram 1	1	322.805996287	324.793522001	1754.005	996.594	323.2187	0.2063	324.3124	0.7619	1.0938	1.9875	1024.000	1408.000	1040.000	384.000	14.54	V
72	Spectrogram 1	1	326.223570990	327.532429387	1445.061	737.479	326.4062	0.1220	327.3124	0.8293	0.9062	1.3089	800.000	1376.000	1056.000	576.000	13.50	L
73	Spectrogram 1	1	330.121909281	332.327578061	1604.516	886.968	330.6562	0.2429	331.7812	0.7571	1.1250	2.2057	960.000	1296.000	1040.000	336.000	13.90	V
74	Spectrogram 1	1	333.878817642	335.430057224	1534.754	737.479	334.1874	0.1875	335.1562	0.8333	0.9688	1.5512	768.000	992.000	784.000	224.000	15.77	V
75	Spectrogram 1	1	336.924747534	340.390500812	830.715	213.847	337.1874	0.0727	340.2499	0.9636	3.0625	3.4658	272.000	672.000	416.000	400.000	19.22	F
76	Spectrogram 1	1	342.111747407	345.158819082	707.341	230.297	342.6562	0.1753	344.9374	0.9278	2.2812	3.0471	288.000	672.000	416.000	384.000	22.27	F
77	Spectrogram 1	1	346.810285410	349.531715837	806.040	205.622	346.9999	0.0690	349.4062	0.9540	2.4062	2.7214	224.000	704.000	272.000	480.000	19.81	F
78	Spectrogram 1	1	353.858092413	356.509742573	822.490	180.948	354.1562	0.1071	356.0312	0.8214	1.8750	2.6517	256.000	608.000	288.000	352.000	18.85	F
79	Spectrogram 1	1	357.902025018	360.600195356	723.791	180.948	358.3749	0.1744	360.4062	0.9302	2.0312	2.6982	272.000	624.000	400.000	352.000	20.65	F
80	Spectrogram 1	1	362.181881416	364.763751308	699.116	180.948	362.6562	0.1829	364.5937	0.9390	1.9375	2.5819	240.000	656.000	400.000	416.000	21.51	F
81	Spectrogram 1	1	385.850200381	386.780603946	912.964	756.691	385.9999	0.1429	386.6249	0.8571	0.6250	0.9304	832.000	864.000	832.000	32.000	23.80	LS
82	Spectrogram 1	1	391.590548341	392.755996120	1550.913	1073.709	391.7812	0.1622	392.5624	0.8378	0.7812	1.1654	1120.000	1440.000	1168.000	320.000	14.55	L
83	Spectrogram 1	1	394.332778410	396.389450961	1590.680	1143.301	394.5624	0.1077	395.4687	0.5538	0.9062	2.0567	1168.000	1440.000	1328.000	272.000	17.14	L
84	Spectrogram 1	1	397.006452726	398.994569526	1938.641	984.233	397.6562	0.3226	398.6874	0.8548	1.0312	1.9881	1024.000	1520.000	1120.000	496.000	14.51	V
85	Spectrogram 1	1	400.879852698	401.565410215	1560.854	934.524	400.9999	0.1429	401.4687	0.8571	0.4688	0.6856	1008.000	1456.000	1168.000	448.000	14.18	L
86	Spectrogram 1	1	405.301698683	407.118426104	1451.495	974.291	405.6562	0.1930	406.6562	0.7544	1.0000	1.8167	1008.000	1408.000	1360.000	400.000	15.32	V
87	Spectrogram 1	1	408.626652641	410.546213689	1560.854	914.641	408.8437	0.1000	409.9999	0.7167	1.1562	1.9196	960.000	1376.000	992.000	416.000	17.62	V
88	Spectrogram 1	1	412.485774840	413.685500495	1700.039	775.456	412.7187	0.1892	413.6562	1.0000	0.9375	1.1997	800.000	1472.000	800.000	672.000	17.03	L
89	Spectrogram 1	1	417.044732329	418.552958867	1719.922	904.699	417.1249	0.0426	418.4374	0.9362	1.3125	1.5082	944.000	1472.000	1136.000	528.000	15.82	V
90	Spectrogram 1	1	420.541075666	421.877912825	1729.864	984.233	420.6249	0.0476	421.6874	0.8571	1.0625	1.3368	1024.000	1392.000	1120.000	368.000	17.50	V
91	Spectrogram 1	1	423.591806617	425.202866783	1421.670	765.515	424.0312	0.2745	424.9687	0.8627	0.9375	1.6111	784.000	1296.000	1136.000	512.000	16.81	L
92	Spectrogram 1	1	426.515648979	429.748801367	690.892	213.847	427.2499	0.2255	429.1874	0.8333	1.9375	3.2332	336.000	656.000	368.000	320.000	21.49	F
93	Spectrogram 1	1	431.167666803	434.237998567	674.442	213.847	431.6874	0.1649	434.0312	0.9381	2.3438	3.0703	288.000	656.000	656.000	368.000	20.73	F
94	Spectrogram 1	1	435.773164449	438.099173361	682.667	246.747	436.3437	0.2432	437.8437	0.8919	1.5000	2.3260	368.000	656.000	400.000	288.000	24.18	F
95	Spectrogram 1	1	442.340895448	445.108846053	699.116	189.173	442.6562	0.1136	444.8124	0.8977	2.1562	2.7680	272.000	656.000	400.000	384.000	18.95	F
96	Spectrogram 1	1	446.504451400	448.853720402	674.442	197.398	446.9687	0.1892	448.6874	0.9324	1.7188	2.3493	288.000	656.000	656.000	368.000	22.33	F
97	Spectrogram 1	1	450.574966996	453.087056621	682.667	197.398	451.0624	0.1899	452.6562	0.8354	1.5938	2.5121	256.000	672.000	400.000	416.000	21.63	F
98	Spectrogram 1	1	457.513752359	459.839761271	682.667	156.273	458.0624	0.2329	459.5624	0.8904	1.5000	2.3260	240.000	656.000	400.000	416.000	19.96	F
99	Spectrogram 1	1	460.863205192	461.305146885	682.667	600.418	460.9999	0.3077	461.1562	0.6923	0.1562	0.4419	640.000	672.000	656.000	32.000	29.94	LS
100	Spectrogram 1	1	462.817052678	464.794160253	682.667	164.498	462.9999	0.0806	464.6562	0.9355	1.6562	1.9771	224.000	656.000	416.000	432.000	21.15	F
101	Spectrogram 1	1	466.282805957	468.748375404	715.566	189.173	466.5937	0.1169	468.4999	0.9091	1.9062	2.4656	224.000	688.000	656.000	464.000	21.14	F
102	Spectrogram 1	1	481.597280079	483.969809169	682.667	180.948	482.5312	0.3867	483.8124	0.9333	1.2812	2.3725	240.000	656.000	400.000	416.000	20.79	F
103	Spectrogram 1	1	485.202593892	485.807356209	814.265	682.667	485.3437	0.2222	485.6562	0.7778	0.3125	0.6048	736.000	768.000	752.000	32.000	33.06	LS
104	Spectrogram 1	1	490.620651694	493.877049900	1998.291	874.874	491.2187	0.1827	493.3437	0.8365	2.1250	3.2564	912.000	1632.000	1088.000	720.000	12.84	V
105	Spectrogram 1	1	494.939664051	495.933722451	1550.913	1063.767	495.2187	0.2667	495.7499	0.8333	0.5312	0.9941	1136.000	1344.000	1184.000	208.000	16.43	L
106	Spectrogram 1	1	498.127506506	500.184179057	1908.816	835.107	498.4999	0.1719	499.9374	0.8906	1.4375	2.0567	928.000	1584.000	1152.000	656.000	14.10	V
107	Spectrogram 1	1	501.212515333	501.966628602	1630.447	1024.000	501.3749	0.2174	501.7187	0.6957	0.3438	0.7541	1088.000	1440.000	1152.000	352.000	13.69	L
108	Spectrogram 1	1	504.851800620	506.936920600	1620.505	1073.709	505.5312	0.3231	506.5624	0.8308	1.0312	2.0851	1120.000	1344.000	1136.000	224.000	15.78	V
109	Spectrogram 1	1	508.479425014	510.261874558	1411.728	854.990	508.7187	0.1250	509.8437	0.7679	1.1250	1.7824	912.000	1392.000	992.000	480.000	14.18	L
110	Spectrogram 1	1	512.010046227	513.346883385	1381.903	705.864	512.1874	0.1190	513.1249	0.8333	0.9375	1.3368	784.000	1344.000	1136.000	560.000	14.61	L
111	Spectrogram 1	1	516.193770688	517.873386605	1719.922	984.233	516.2812	0.0385	517.7187	0.9231	1.4375	1.6796	1120.000	1664.000	1584.000	544.000	14.83	V
112	Spectrogram 1	1	519.415891018	521.952453832	1729.864	835.107	519.9062	0.1875	521.3437	0.7625	1.4375	2.5366	880.000	1536.000	880.000	656.000	14.09	V
113	Spectrogram 1	1	522.775122852	524.249071514	1769.631	775.456	523.1249	0.2391	523.7812	0.6957	0.6562	1.4739	784.000	1328.000	1136.000	544.000	14.62	L
114	Spectrogram 1	1	525.282575715	528.492468013	666.217	230.297	525.6562	0.1089	527.9062	0.8218	2.2500	3.2099	336.000	624.000	400.000	288.000	24.02	F
115	Spectrogram 1	1	529.771772915	532.609503788	707.341	222.072	530.1249	0.1222	532.4999	0.9667	2.3750	2.8377	272.000	672.000	640.000	400.000	25.45	F
116	Spectrogram 1	1	536.075257067	538.750167316	666.217	213.847	536.4687	0.1412	538.4999	0.9059	2.0312	2.6749	272.000	624.000	400.000	352.000	22.56	F
117	Spectrogram 1	1	540.238813019	542.471781575	674.442	189.173	540.6249	0.1690	542.0624	0.8169	1.4375	2.2330	288.000	656.000	400.000	368.000	25.35	F
118	Spectrogram 1	1	543.820866744	546.263176101	806.040	213.847	544.1562	0.1299	545.8437	0.8312	1.6875	2.4423	240.000	672.000	400.000	432.000	22.76	F
119	Spectrogram 1	1	549.672757109	551.882465575	732.016	197.398	550.0937	0.1857	551.7812	0.9571	1.6875	2.2097	224.000	640.000	272.000	416.000	22.55	F
120	Spectrogram 1	1	553.371111279	555.859940815	822.490	164.498	553.8437	0.1899	555.6249	0.9114	1.7812	2.4888	256.000	656.000	400.000	400.000	20.95	F
121	Spectrogram 1	1	558.883752400	560.884120065	789.590	148.048	559.4687	0.2857	560.5937	0.8571	1.1250	2.0004	208.000	688.000	400.000	480.000	20.24	F
122	Spectrogram 1	1	563.768371116	566.280460741	781.365	189.173	564.1874	0.1646	565.9999	0.8987	1.8125	2.5121	256.000	640.000	400.000	384.000	21.27	F
123	Spectrogram 1	1	567.699326138	570.211415763	674.442	180.948	568.0937	0.1519	569.7499	0.8228	1.6562	2.5121	256.000	640.000	400.000	384.000	24.35	F
124	Spectrogram 1	1	585.222934065	587.108217237	735.689	159.068	585.4687	0.1186	586.8749	0.8814	1.4062	1.8853	208.000	672.000	400.000	464.000	18.98	F
125	Spectrogram 1	1	592.594900301	595.176770194	863.614	172.723	593.1249	0.1975	594.9062	0.9012	1.7812	2.5819	208.000	672.000	256.000	464.000	19.09	F
126	Spectrogram 1	1	596.223474204	596.991057145	814.265	641.542	596.2812	0.0435	596.8749	0.8696	0.5938	0.7676	688.000	784.000	752.000	96.000	21.29	LS
127	Spectrogram 1	1	600.399856624	603.176364568	1540.971	874.874	600.8124	0.1477	602.9999	0.9432	2.1875	2.7765	928.000	1536.000	1152.000	608.000	12.59	V
128	Spectrogram 1	1	604.341812347	607.598210553	2147.417	974.291	604.7812	0.1346	607.2187	0.8846	2.4375	3.2564	1088.000	1984.000	1136.000	896.000	12.79	V
129	Spectrogram 1	1	608.729380457	611.471610525	2057.942	775.456	609.1562	0.1494	610.9687	0.8161	1.8125	2.7422	784.000	1744.000	784.000	960.000	13.72	V
130	Spectrogram 1	1	615.482122000	616.681847655	1371.961	904.699	615.8437	0.2973	616.5624	0.9189	0.7188	1.1997	944.000	1264.000	1168.000	320.000	15.69	L
131	Spectrogram 1	1	618.738520206	621.720695406	2127.534	924.583	618.9062	0.0526	621.2187	0.8316	2.3125	2.9822	944.000	1936.000	944.000	992.000	12.70	V
132	Spectrogram 1	1	623.057532564	625.045649364	1998.291	765.515	623.5937	0.2698	624.9374	0.9524	1.3438	1.9881	800.000	1536.000	816.000	736.000	13.24	L
133	Spectrogram 1	1	627.575985094	630.318215162	2048.000	894.757	628.2187	0.2299	629.8124	0.8161	1.5938	2.7422	912.000	1696.000	928.000	784.000	12.44	V
134	Spectrogram 1	1	630.969494804	633.300390362	2048.000	874.874	631.4374	0.1918	632.9999	0.8767	1.5625	2.3309	896.000	1696.000	928.000	800.000	12.71	V
135	Spectrogram 1	1	634.980006279	636.076898306	1401.786	715.806	635.3124	0.2941	635.9374	0.8824	0.6250	1.0969	768.000	1152.000	816.000	384.000	16.90	L
136	Spectrogram 1	1	637.699061374	640.792653227	773.141	213.847	638.0624	0.1122	640.5312	0.9184	2.4688	3.0936	272.000	688.000	400.000	416.000	21.43	F
137	Spectrogram 1	1	642.188258574	644.956209179	666.217	205.622	642.7187	0.1839	644.6874	0.9080	1.9688	2.7680	272.000	640.000	400.000	368.000	23.83	F
138	Spectrogram 1	1	646.607675507	649.189545399	748.466	189.173	646.9687	0.1341	648.9374	0.9024	1.9688	2.5819	256.000	672.000	400.000	416.000	20.15	F
139	Spectrogram 1	1	652.678558767	655.260428660	690.892	197.398	653.0937	0.1585	654.9374	0.8780	1.8438	2.5819	256.000	624.000	400.000	368.000	23.30	F
140	Spectrogram 1	1	656.762682359	659.274771984	699.116	189.173	657.0937	0.1266	658.9062	0.8608	1.8125	2.5121	240.000	624.000	256.000	384.000	19.19	F
141	Spectrogram 1	1	661.833381787	664.136130610	657.992	205.622	662.2812	0.1918	663.9062	0.9041	1.6250	2.3027	256.000	608.000	352.000	352.000	22.83	F
142	Spectrogram 1	1	665.554996046	668.113605850	838.940	180.948	665.9062	0.1358	667.9062	0.9259	2.0000	2.5586	256.000	656.000	352.000	400.000	21.68	F
143	Spectrogram 1	1	669.439430930	672.346942070	715.566	222.072	670.0624	0.2065	672.0312	0.8913	1.9688	2.9075	320.000	624.000	400.000	304.000	22.68	F
144	Spectrogram 1	1	676.744047955	678.628115174	797.815	115.149	677.1249	0.2000	678.3749	0.8667	1.2500	1.8841	208.000	736.000	720.000	528.000	19.61	F
145	Spectrogram 1	1	681.558886403	684.070976028	690.892	189.173	682.0312	0.1875	683.8437	0.9125	1.8125	2.5121	256.000	656.000	352.000	400.000	22.01	F
146	Spectrogram 1	1	685.722442356	687.629769664	740.241	189.173	685.8437	0.0500	687.4687	0.9167	1.6250	1.9073	240.000	704.000	416.000	464.000	22.78	F
147	Spectrogram 1	1	704.708752858	706.456924526	735.689	188.893	705.1562	0.2545	706.2499	0.8909	1.0938	1.7482	240.000	640.000	384.000	400.000	17.98	F
148	Spectrogram 1	1	707.450982926	708.170818319	795.340	685.981	707.6562	0.2727	708.0624	0.8636	0.4062	0.7198	720.000	768.000	736.000	48.000	19.21	LS
149	Spectrogram 1	1	711.485645893	712.788205176	1461.437	944.466	711.8124	0.2439	712.4062	0.7073	0.5938	1.3026	1040.000	1296.000	1200.000	256.000	16.86	L
150	Spectrogram 1	1	714.536376845	715.941769755	1729.864	1043.883	715.0624	0.3636	715.7187	0.8409	0.6562	1.4054	1088.000	1408.000	1216.000	320.000	14.68	L
151	Spectrogram 1	1	717.964164430	722.667730307	2306.485	815.223	718.2499	0.0600	722.3124	0.9267	4.0625	4.7036	944.000	1888.000	1056.000	944.000	12.51	W
152	Spectrogram 1	1	725.924128513	727.226687796	1779.573	994.175	726.1562	0.1707	727.0937	0.9024	0.9375	1.3026	1040.000	1696.000	1184.000	656.000	11.61	L
153	Spectrogram 1	1	727.877967437	729.214804595	1779.573	1202.951	728.1249	0.1707	728.9687	0.8293	0.8438	1.3368	1248.000	1648.000	1344.000	400.000	15.60	L
154	Spectrogram 1	1	730.277418747	735.384822249	2177.243	715.806	730.7499	0.0920	735.1249	0.9509	4.3750	5.1074	784.000	2032.000	1200.000	1248.000	12.63	W
155	Spectrogram 1	1	738.314416349	741.159480045	1680.155	864.932	738.7499	0.1444	741.0312	0.9556	2.2812	2.8451	912.000	1600.000	976.000	688.000	13.58	V
156	Spectrogram 1	1	742.324927824	744.690101258	1690.097	765.515	742.6562	0.1333	744.4999	0.9200	1.8438	2.3652	816.000	1552.000	832.000	736.000	14.32	L
157	Spectrogram 1	1	746.134748930	749.228340783	674.442	222.072	746.5937	0.1429	748.9687	0.9184	2.3750	3.0936	288.000	608.000	400.000	320.000	21.67	F
158	Spectrogram 1	1	750.693726397	753.159295844	690.892	205.622	751.1562	0.1795	752.9687	0.9231	1.8125	2.4656	272.000	672.000	400.000	400.000	20.57	F
159	Spectrogram 1	1	754.787502082	757.485672420	699.116	222.072	755.3124	0.1882	756.9999	0.8235	1.6875	2.6982	320.000	672.000	400.000	352.000	20.17	F
160	Spectrogram 1	1	759.206919015	760.718824808	740.241	205.622	759.6562	0.2917	760.6874	0.9792	1.0312	1.5119	240.000	688.000	256.000	448.000	19.82	F
161	Spectrogram 1	1	900.715884776	903.595226348	735.689	159.068	901.1874	0.1630	903.3437	0.9130	2.1562	2.8793	208.000	640.000	240.000	432.000	17.37	F
162	Spectrogram 1	1	904.520728996	905.514787396	785.398	626.330	904.5624	0.0323	905.2499	0.7419	0.6875	0.9941	656.000	736.000	672.000	80.000	23.13	LS
163	Spectrogram 1	1	909.079686485	910.142300637	1650.330	994.175	909.2812	0.1818	910.0624	0.9394	0.7812	1.0626	1008.000	1536.000	1216.000	528.000	13.66	L
164	Spectrogram 1	1	910.658418137	914.086205722	2485.437	1063.767	911.2812	0.1759	913.8124	0.9259	2.5312	3.4278	1200.000	2320.000	1392.000	1120.000	12.76	L
165	Spectrogram 1	1	915.971488894	919.227887100	2087.767	964.350	916.4374	0.1359	918.6874	0.8350	2.2500	3.2564	1024.000	1808.000	1376.000	784.000	13.43	L
166	Spectrogram 1	1	921.284559652	923.577025945	1540.971	805.282	921.7499	0.1944	923.2812	0.8750	1.5312	2.2925	880.000	1376.000	1184.000	496.000	12.24	V
167	Spectrogram 1	1	924.671968610	929.025258844	2077.825	735.689	924.9999	0.0725	928.9062	0.9783	3.9062	4.3533	768.000	1952.000	1728.000	1184.000	13.55	W
168	Spectrogram 1	1	930.541536071	933.318044015	705.864	218.718	931.0624	0.1818	933.1562	0.9432	2.0938	2.7765	288.000	608.000	352.000	320.000	18.13	F
169	Spectrogram 1	1	934.826270553	937.534222746	676.039	188.893	935.2499	0.1512	937.1562	0.8605	1.9062	2.7080	256.000	624.000	352.000	368.000	18.43	F
170	Spectrogram 1	1	938.962787880	941.591177950	674.442	213.847	939.6249	0.2530	941.3749	0.9277	1.7500	2.6284	272.000	640.000	352.000	368.000	22.07	F
171	Spectrogram 1	1	943.335684634	945.777993992	748.466	205.622	943.6562	0.1299	945.5624	0.9221	1.9062	2.4423	256.000	672.000	336.000	416.000	22.57	F
172	Spectrogram 1	1	949.374763346	952.049673595	723.791	205.622	949.8749	0.1882	951.7499	0.8941	1.8750	2.6749	272.000	672.000	352.000	400.000	22.28	F
173	Spectrogram 1	1	956.201684292	959.458082499	687.650	209.285	956.5937	0.1165	959.1249	0.9029	2.5312	3.2564	272.000	640.000	304.000	368.000	18.12	F
174	Spectrogram 1	1	960.836825488	961.933717516	994.175	695.922	961.0624	0.2059	961.8437	0.9412	0.7812	1.0969	768.000	896.000	800.000	128.000	16.39	LS
175	Spectrogram 1	1	970.983076741	973.862418313	1869.049	795.340	971.5937	0.2088	973.4999	0.8791	1.9062	2.8793	832.000	1616.000	1312.000	784.000	12.55	V
176	Spectrogram 1	1	975.130699720	977.015982892	1690.097	676.039	975.3124	0.0847	976.8437	0.9153	1.5312	1.8853	688.000	1472.000	688.000	784.000	13.33	L
177	Spectrogram 1	1	977.975763416	980.546604105	1859.107	596.505	978.5624	0.2222	980.2499	0.8889	1.6875	2.5708	640.000	1568.000	1328.000	928.000	14.54	L
178	Spectrogram 1	1	982.740388160	984.248614697	1332.194	884.816	982.8749	0.0851	983.9687	0.8298	1.0938	1.5082	944.000	1280.000	1104.000	336.000	12.14	L
179	Spectrogram 1	1	985.037005842	987.042261580	1759.689	854.990	985.5937	0.2698	986.9374	0.9524	1.3438	2.0053	912.000	1376.000	1328.000	464.000	14.19	W
180	Spectrogram 1	1	991.995414640	993.195140295	1610.563	974.291	992.3437	0.2895	992.9687	0.8158	0.6250	1.1997	1024.000	1408.000	1104.000	384.000	14.40	L
181	Spectrogram 1	1	996.571511067	998.328645228	1869.049	904.699	996.8437	0.1455	998.1874	0.9273	1.3438	1.7571	960.000	1504.000	1136.000	544.000	15.55	L
182	Spectrogram 1	1	1000.588909917	1003.948141751	1869.049	825.165	1000.7812	0.0561	1003.6562	0.9159	2.8750	3.3592	848.000	1824.000	848.000	976.000	14.46	W
183	Spectrogram 1	1	1006.966544188	1009.434551250	1978.408	805.282	1007.5937	0.2564	1008.9999	0.8333	1.4062	2.4680	832.000	1552.000	848.000	720.000	13.66	L
184	Spectrogram 1	1	1010.394331774	1012.690949456	1729.864	606.447	1011.1249	0.3151	1012.4062	0.8767	1.2812	2.2966	608.000	1072.000	608.000	464.000	15.72	L
185	Spectrogram 1	1	1014.187498708	1017.420651096	583.968	263.197	1014.7187	0.1569	1016.9999	0.8725	2.2812	3.2332	336.000	512.000	352.000	176.000	23.08	F
186	Spectrogram 1	1	1014.652700490	1015.792444857	748.466	592.193	1014.8437	0.1667	1015.6562	0.8889	0.8125	1.1397	656.000	720.000	672.000	64.000	27.44	LS
187	Spectrogram 1	1	1018.955816978	1021.165525444	764.916	271.422	1019.2812	0.1429	1020.9999	0.9286	1.7188	2.2097	320.000	720.000	416.000	400.000	24.50	F
188	Spectrogram 1	1	1025.360649585	1027.828656646	894.757	188.893	1025.8437	0.1923	1027.4374	0.8462	1.5938	2.4680	240.000	720.000	688.000	480.000	21.99	F
189	Spectrogram 1	1	1028.604845713	1029.358958982	894.757	695.922	1028.8124	0.2609	1029.1874	0.7826	0.3750	0.7541	720.000	848.000	752.000	128.000	19.25	LS
190	Spectrogram 1	1	1030.517030312	1032.517397977	781.365	205.622	1030.8124	0.1429	1032.2187	0.8571	1.4062	2.0004	240.000	704.000	240.000	464.000	23.63	F
191	Spectrogram 1	1	1034.006043680	1036.308792503	690.892	205.622	1034.1874	0.0694	1036.0312	0.8889	1.8438	2.3027	272.000	672.000	352.000	400.000	22.67	F
192	Spectrogram 1	1	1041.712811169	1043.517671072	697.616	159.068	1041.9687	0.1404	1043.4374	0.9649	1.4688	1.8049	192.000	640.000	352.000	448.000	18.35	F
193	Spectrogram 1	1	1044.203228589	1045.437232120	914.641	586.563	1044.4999	0.2368	1045.2499	0.8684	0.7500	1.2340	608.000	816.000	688.000	208.000	18.77	LS
194	Spectrogram 1	1	1046.573926879	1048.481254187	732.016	156.273	1046.8749	0.1500	1048.2187	0.8667	1.3438	1.9073	224.000	688.000	240.000	464.000	21.96	F
195	Spectrogram 1	1	1048.657403088	1050.097073874	1043.883	646.214	1049.1249	0.3111	1049.9687	0.9111	0.8438	1.4397	704.000	944.000	784.000	240.000	18.14	LS
196	Spectrogram 1	1	1051.666778762	1053.597366159	855.390	139.823	1051.8124	0.0656	1053.2812	0.8361	1.4688	1.9306	192.000	656.000	240.000	464.000	18.33	F
197	Spectrogram 1	1	1054.806890793	1057.318980418	929.414	189.173	1055.1874	0.1500	1057.0937	0.9125	1.9062	2.5121	224.000	736.000	368.000	512.000	22.00	F
198	Spectrogram 1	1	1071.920961221	1074.937414296	2172.574	747.445	1072.0937	0.0526	1074.7499	0.9474	2.6562	3.0165	768.000	1968.000	864.000	1200.000	12.64	V
199	Spectrogram 1	1	1075.865615404	1083.718765786	2750.599	707.582	1076.4999	0.0797	1083.5624	0.9801	7.0625	7.8532	784.000	2160.000	1296.000	1376.000	12.70	W2
200	Spectrogram 1	1	1090.377071885	1092.946312442	1714.141	857.071	1090.6249	0.0864	1092.6249	0.8765	2.0000	2.5692	864.000	1664.000	1104.000	800.000	15.75	V
201	Spectrogram 1	1	1093.733640255	1096.098813689	1973.255	1086.287	1094.2812	0.2267	1095.4374	0.7200	1.1562	2.3652	1104.000	1696.000	1152.000	592.000	14.33	V
202	Spectrogram 1	1	1097.264261468	1099.595157026	2052.983	767.377	1097.5312	0.1081	1098.8124	0.6622	1.2812	2.3309	784.000	1552.000	800.000	768.000	13.44	V
203	Spectrogram 1	1	1100.692049054	1102.851555233	1973.255	807.241	1101.1249	0.1912	1102.6249	0.8971	1.5000	2.1595	816.000	1776.000	848.000	960.000	14.91	V
204	Spectrogram 1	1	1104.466514699	1107.037355388	2062.949	1016.526	1104.9374	0.1829	1106.6562	0.8537	1.7188	2.5708	1024.000	1856.000	1024.000	832.000	14.87	V
205	Spectrogram 1	1	1108.031413788	1109.950974836	2182.540	757.411	1108.5937	0.2833	1109.8437	0.9500	1.2500	1.9196	800.000	1392.000	816.000	592.000	13.82	L
206	Spectrogram 1	1	1112.808115430	1114.487731347	1694.209	906.900	1113.2499	0.2642	1114.1562	0.8113	0.9062	1.6796	944.000	1312.000	1024.000	368.000	12.82	L
207	Spectrogram 1	1	1115.516067623	1117.778407429	1913.460	857.071	1115.9999	0.2113	1117.3437	0.8169	1.3438	2.2623	896.000	1552.000	1280.000	656.000	14.74	V
208	Spectrogram 1	1	1119.012410960	1120.623471125	1783.903	677.684	1119.3437	0.2000	1120.4062	0.8800	1.0625	1.6111	752.000	1056.000	816.000	304.000	17.98	L
209	Spectrogram 1	1	1122.479510625	1125.154420874	674.442	263.197	1122.9999	0.1905	1124.9062	0.9167	1.9062	2.6749	304.000	624.000	336.000	320.000	22.90	F
210	Spectrogram 1	1	1126.837766130	1129.340051068	697.616	209.285	1127.0624	0.0886	1129.0624	0.8987	2.0000	2.5023	240.000	624.000	272.000	384.000	22.34	F
211	Spectrogram 1	1	1130.736842263	1132.969810818	748.466	213.847	1131.0624	0.1408	1132.7812	0.9155	1.7188	2.2330	240.000	656.000	352.000	416.000	23.36	F
212	Spectrogram 1	1	1134.349434881	1136.442842902	740.241	189.173	1134.6874	0.1515	1136.2499	0.9091	1.5625	2.0934	224.000	624.000	320.000	400.000	22.12	F
213	Spectrogram 1	1	1139.047972883	1141.094860726	723.791	205.622	1139.3124	0.1231	1140.8437	0.8769	1.5312	2.0469	240.000	624.000	384.000	384.000	23.30	F
214	Spectrogram 1	1	1142.397425716	1144.560614005	666.217	180.948	1142.7812	0.1765	1144.2812	0.8824	1.5000	2.1632	208.000	624.000	352.000	416.000	21.98	F
215	Spectrogram 1	1	1145.746878550	1147.933326927	756.691	222.072	1146.2499	0.2319	1147.6874	0.8986	1.4375	2.1864	272.000	672.000	352.000	400.000	20.87	F
216	Spectrogram 1	1	1152.751808062	1154.542834924	773.141	180.948	1152.9687	0.1071	1154.4687	0.9643	1.5000	1.7910	208.000	720.000	352.000	512.000	20.89	F
217	Spectrogram 1	1	1157.613166688	1159.985695778	699.116	172.723	1157.7499	0.0533	1159.5937	0.8400	1.8438	2.3725	224.000	672.000	352.000	448.000	22.74	F
218	Spectrogram 1	1	1161.171960323	1163.242108255	715.566	139.823	1161.6249	0.2154	1163.0312	0.9077	1.4062	2.0701	224.000	640.000	352.000	416.000	21.78	F
219	Spectrogram 1	1	1164.623946443	1166.740614553	740.241	156.273	1164.9062	0.1343	1166.2187	0.7612	1.3125	2.1167	208.000	640.000	224.000	432.000	20.07	F
220	Spectrogram 1	1	1177.520478359	1178.357841567	863.614	715.566	1177.6874	0.1923	1178.2812	0.9231	0.5938	0.8374	736.000	816.000	800.000	80.000	29.38	LS
221	Spectrogram 1	1	1183.188266830	1185.279217257	1674.277	837.139	1183.5624	0.1692	1185.1249	0.9385	1.5625	2.0910	896.000	1632.000	1536.000	736.000	15.95	V
222	Spectrogram 1	1	1187.095944677	1189.221172980	1724.107	926.832	1187.5312	0.1940	1188.6562	0.7313	1.1250	2.1252	960.000	1440.000	1024.000	480.000	16.44	V
223	Spectrogram 1	1	1191.072178277	1192.580404814	1614.482	837.139	1191.3437	0.1702	1192.4062	0.8936	1.0625	1.5082	880.000	1536.000	1008.000	656.000	17.30	V
224	Spectrogram 1	1	1196.350971158	1198.818978220	1634.414	956.730	1196.9062	0.2179	1197.9687	0.6538	1.0625	2.4680	960.000	1472.000	976.000	512.000	15.05	V
226	Spectrogram 1	1	989.373157138	991.087050930	1634.884	835.021	989.4687	0.0556	990.6249	0.7407	1.1562	1.7139	864.000	1392.000	896.000	528.000	15.49	V
227	Spectrogram 1	1	93.065441758	93.259346706	2771.729	225.845	93.0937	0.0000	93.2499	1.0000	0.1562	0.1939	288.000	2448.000	320.000	2160.000	13.44	break
228	Spectrogram 1	1	187.273136324	187.467041271	2268.712	215.579	187.2812	0.0000	187.4374	1.0000	0.1562	0.1939	320.000	816.000	576.000	496.000	14.78	break
229	Spectrogram 1	1	280.102319377	280.684034220	2535.619	441.424	280.1562	0.0588	280.6562	1.0000	0.5000	0.5817	480.000	2240.000	560.000	1760.000	12.78	break
230	Spectrogram 1	1	381.412250993	385.096444999	739.128	123.188	381.8749	0.1197	384.9062	0.9487	3.0312	3.6842	192.000	640.000	224.000	448.000	16.28	F
231	Spectrogram 1	1	373.462148137	373.462148137	2422.697	195.048	373.4687	NaN	373.4687	NaN	0.0000	0.0000	208.000	1312.000	384.000	1104.000	15.53	break
232	Spectrogram 1	1	475.498286625	475.498286625	2843.589	215.579	475.4999	NaN	475.4999	NaN	0.0000	0.0000	304.000	2496.000	416.000	2192.000	13.61	break
233	Spectrogram 1	1	589.040003878	589.233908826	2689.604	225.845	589.0624	0.0000	589.2187	1.0000	0.1562	0.1939	272.000	992.000	272.000	720.000	15.61	break
234	Spectrogram 1	1	698.128965889	698.225918363	2237.915	246.376	698.1562	0.0000	698.2187	1.0000	0.0625	0.0970	288.000	1504.000	304.000	1216.000	13.61	break
235	Spectrogram 1	1	890.979462966	890.979462966	2330.306	195.048	890.9687	NaN	890.9687	NaN	0.0000	0.0000	224.000	1744.000	272.000	1520.000	11.74	break
236	Spectrogram 1	1	962.842905486	963.177882063	2099.328	220.712	962.8437	0.0000	963.1562	1.0000	0.3125	0.3350	288.000	1008.000	560.000	720.000	16.76	break
237	Spectrogram 1	1	964.173823460	967.712588756	790.456	164.251	964.4999	0.0893	967.3124	0.8929	2.8125	3.5388	192.000	720.000	336.000	528.000	18.40	F
238	Spectrogram 1	1	969.360780811	970.475734260	985.504	841.784	969.6249	0.2286	970.3124	0.8571	0.6875	1.1150	864.000	944.000	928.000	80.000	14.62	LS
239	Spectrogram 1	1	1065.273855915	1067.503762813	718.596	153.985	1065.7499	0.2113	1066.9374	0.7465	1.1875	2.2299	240.000	688.000	368.000	448.000	18.31	F
240	Spectrogram 1	1	1069.879098422	1071.284909293	872.581	615.940	1070.0624	0.1136	1071.0312	0.8182	0.9688	1.4058	656.000	832.000	784.000	176.000	16.49	LS
241	Spectrogram 1	1	1062.946996542	1063.043949016	3254.216	338.767	1062.9687	0.0000	1063.0312	1.0000	0.0625	0.0970	432.000	928.000	448.000	496.000	12.34	break
242	Spectrogram 1	1	1173.840957169	1176.652578910	739.128	164.251	1174.7499	0.3258	1176.2812	0.8764	1.5312	2.8116	224.000	624.000	240.000	400.000	20.34	F
243	Spectrogram 1	1	1169.381143372	1169.381143372	2617.744	256.642	1169.3749	NaN	1169.3749	NaN	0.0000	0.0000	272.000	960.000	272.000	688.000	15.98	break
244	Spectrogram 1	1	3.427787585	3.564899089	2882.370	242.726	3.4374	0.0000	3.5624	1.0000	0.1250	0.1371	256.000	2464.000	288.000	2208.000	13.69	break
