Selection	View	Channel	Begin Time (s)	End Time (s)	High Freq (Hz)	Low Freq (Hz)	Time 5% (s)	Time 5% Rel.	Time 95% (s)	Time 95% Rel.	Dur 90% (s)	Delta Time (s)	Freq 5% (Hz)	Freq 95% (Hz)	Peak Freq (Hz)	BW 90% (Hz)	SNR NIST Quick (dB)	QualName
1	Spectrogram 1	1	1.536885090	3.586065209	752.770	229.544	2.1562	0.2969	3.3437	0.8906	1.1875	2.0492	256.000	624.000	272.000	368.000	19.05	F
2	Spectrogram 1	1	4.552240939	5.397484615	776.400	567.110	4.6874	0.1538	5.1249	0.6923	0.4375	0.8452	608.000	688.000	640.000	80.000	24.26	LS
3	Spectrogram 1	1	6.278953019	7.860766184	739.268	199.163	6.5312	0.1600	7.6249	0.8600	1.0938	1.5818	224.000	672.000	272.000	448.000	17.99	F
4	Spectrogram 1	1	8.790534227	9.575403355	857.416	597.490	8.9374	0.1667	9.4374	0.8333	0.5000	0.7849	640.000	736.000	672.000	96.000	22.28	LS
5	Spectrogram 1	1	10.674220133	12.569980948	705.511	195.788	11.0624	0.2000	12.2812	0.8500	1.2188	1.8958	224.000	672.000	288.000	448.000	18.98	F
6	Spectrogram 1	1	14.405711774	16.072049306	732.516	205.915	14.6562	0.1509	15.8437	0.8679	1.1875	1.6663	240.000	672.000	272.000	432.000	19.09	F
7	Spectrogram 1	1	17.110491536	17.907435573	752.770	617.744	17.2499	0.1600	17.7812	0.8400	0.5312	0.7969	640.000	720.000	704.000	80.000	23.16	LS
8	Spectrogram 1	1	18.800978887	20.443166600	719.014	182.285	19.1562	0.2115	20.2812	0.9038	1.1250	1.6422	208.000	656.000	224.000	448.000	20.23	F
9	Spectrogram 1	1	21.152892650	21.702748843	779.700	617.744	21.2499	0.1765	21.5937	0.8235	0.3438	0.5499	640.000	704.000	656.000	64.000	20.96	LS
10	Spectrogram 1	1	25.796143215	27.679829121	675.700	239.671	26.1249	0.1695	27.4999	0.9153	1.3750	1.8837	272.000	544.000	304.000	272.000	16.31	F
11	Spectrogram 1	1	28.737958669	29.654224548	783.151	637.998	28.8124	0.0714	29.3749	0.7143	0.5625	0.9163	672.000	736.000	720.000	64.000	21.01	LS
12	Spectrogram 1	1	31.014394042	32.801480671	739.268	229.544	31.2812	0.1429	32.5624	0.8750	1.2812	1.7871	240.000	656.000	288.000	416.000	18.18	F
13	Spectrogram 1	1	34.093496003	34.950814589	813.532	610.993	34.3437	0.2963	34.7499	0.7778	0.4062	0.8573	656.000	752.000	736.000	96.000	24.60	LS
14	Spectrogram 1	1	35.776613361	37.595219803	735.892	212.666	36.1249	0.1897	37.3437	0.8621	1.2188	1.8186	240.000	704.000	272.000	464.000	18.69	F
15	Spectrogram 1	1	38.392163840	39.249482425	810.156	513.099	38.4999	0.1154	39.0312	0.7692	0.5312	0.8573	592.000	768.000	704.000	176.000	19.52	LS
16	Spectrogram 1	1	40.126747155	41.639239961	735.892	212.666	40.3437	0.1277	41.1562	0.6809	0.8125	1.5125	256.000	672.000	288.000	416.000	19.48	F
17	Spectrogram 1	1	42.674553091	43.459422219	840.537	516.475	42.7812	0.1250	43.2187	0.7083	0.4375	0.7849	576.000	784.000	720.000	208.000	17.80	LS
18	Spectrogram 1	1	44.461639720	45.934778697	722.390	175.534	44.6562	0.1304	45.6874	0.8478	1.0312	1.4731	208.000	656.000	208.000	448.000	20.51	F
19	Spectrogram 1	1	46.574703669	47.202598971	789.903	631.247	46.6874	0.1579	47.0312	0.7368	0.3438	0.6279	656.000	736.000	672.000	80.000	23.79	LS
20	Spectrogram 1	1	48.265048723	50.076427468	695.384	178.910	48.5937	0.1754	49.9062	0.9123	1.3125	1.8114	208.000	592.000	304.000	384.000	18.06	F
21	Spectrogram 1	1	53.441646317	55.397781681	631.247	195.788	53.7187	0.1311	55.1874	0.9016	1.4688	1.9561	224.000	608.000	592.000	384.000	21.07	F
22	Spectrogram 1	1	56.436223911	57.378066864	806.781	617.744	56.5937	0.1667	57.1874	0.8000	0.5938	0.9418	656.000	768.000	720.000	112.000	21.94	LS
23	Spectrogram 1	1	60.537103899	62.915861101	634.623	226.169	60.9062	0.1467	62.6562	0.8933	1.7500	2.3788	256.000	592.000	272.000	336.000	21.39	F
24	Spectrogram 1	1	66.928536779	69.778215457	686.100	202.539	67.5937	0.2333	69.4374	0.8889	1.8438	2.8497	240.000	624.000	304.000	384.000	17.43	F
25	Spectrogram 1	1	74.419281714	76.713514548	779.776	273.428	74.9062	0.2083	76.5312	0.9306	1.6250	2.2942	304.000	704.000	320.000	400.000	16.77	F
26	Spectrogram 1	1	78.114204068	79.356236950	1395.797	793.278	78.3437	0.1795	79.0937	0.7949	0.7500	1.2420	832.000	1184.000	848.000	352.000	18.23	L
27	Spectrogram 1	1	81.070640388	82.278131353	1304.406	773.024	81.2499	0.1351	82.1249	0.8919	0.8750	1.2075	800.000	1088.000	832.000	288.000	16.51	L
28	Spectrogram 1	1	84.023441630	85.530087471	2321.067	864.075	84.2187	0.1277	85.1249	0.7447	0.9062	1.5066	912.000	1472.000	1056.000	560.000	16.04	L
29	Spectrogram 1	1	87.186813750	89.022727563	2347.707	830.657	87.3749	0.1034	88.4999	0.7241	1.1250	1.8359	880.000	1616.000	912.000	736.000	14.47	L
30	Spectrogram 1	1	90.443226227	92.012397953	2364.358	639.740	90.6562	0.1224	91.8124	0.8776	1.1562	1.5692	688.000	1840.000	704.000	1152.000	15.68	L
31	Spectrogram 1	1	93.699638704	95.972968319	2364.358	832.520	93.9062	0.0833	95.2812	0.6944	1.3750	2.2733	880.000	1680.000	1040.000	800.000	14.74	L
32	Spectrogram 1	1	96.250691241	97.108009827	1398.751	1217.343	96.4062	0.1538	96.8749	0.7308	0.4688	0.8573	1280.000	1376.000	1296.000	96.000	16.62	R
33	Spectrogram 1	1	97.809521417	99.577288190	2275.556	787.692	98.1562	0.1964	99.3749	0.8929	1.2188	1.7678	832.000	1680.000	848.000	848.000	15.47	L
34	Spectrogram 1	1	101.484615498	103.648378235	2313.481	852.500	101.7499	0.1176	103.3124	0.8529	1.5625	2.1638	944.000	1600.000	1056.000	656.000	14.25	L
35	Spectrogram 1	1	105.066669222	106.695061030	2505.886	912.386	105.3437	0.1569	106.5624	0.9216	1.2188	1.6284	960.000	2080.000	976.000	1120.000	12.91	L
36	Spectrogram 1	1	108.251625594	110.196784830	2497.561	747.748	108.5937	0.1639	109.9374	0.8689	1.3438	1.9452	816.000	1968.000	944.000	1152.000	14.39	L
37	Spectrogram 1	1	111.556404546	112.611766760	2464.260	769.170	111.7499	0.1818	112.4999	0.9091	0.7500	1.0554	816.000	2048.000	848.000	1232.000	13.63	L
38	Spectrogram 1	1	113.587390810	114.958505844	1526.133	1210.381	113.8124	0.1628	114.6874	0.8140	0.8750	1.3711	1232.000	1488.000	1296.000	256.000	13.40	R
39	Spectrogram 1	1	115.696700410	117.510987361	2555.837	816.909	115.9999	0.1579	117.3124	0.8947	1.3125	1.8143	864.000	2112.000	1472.000	1248.000	13.47	L
40	Spectrogram 1	1	119.046153243	120.954243136	2530.862	845.552	119.3749	0.1667	120.7187	0.8833	1.3438	1.9081	928.000	2064.000	1072.000	1136.000	13.33	L
41	Spectrogram 1	1	122.349085898	124.154094194	2414.309	778.717	122.6249	0.1429	123.8437	0.8393	1.2188	1.8050	880.000	1728.000	928.000	848.000	14.27	L
42	Spectrogram 1	1	125.419417662	127.578382407	2297.756	711.883	125.4999	0.0294	127.3437	0.8971	1.8438	2.1590	752.000	1984.000	784.000	1232.000	14.45	L
43	Spectrogram 1	1	128.258321676	129.355213704	1438.424	1140.214	128.4062	0.1176	129.2499	0.9118	0.8438	1.0969	1168.000	1424.000	1312.000	256.000	12.33	R
44	Spectrogram 1	1	130.136992210	131.790503823	2247.805	665.300	130.2812	0.0769	131.5312	0.8462	1.2500	1.6535	720.000	1600.000	736.000	880.000	13.99	L
45	Spectrogram 1	1	133.114283618	134.880546834	2264.455	625.953	133.3437	0.1250	134.4062	0.7321	1.0625	1.7663	720.000	1520.000	1056.000	800.000	15.00	L
46	Spectrogram 1	1	135.997031111	137.433292616	2281.106	603.000	136.2499	0.1778	137.2499	0.8889	1.0000	1.4363	672.000	1888.000	848.000	1216.000	14.37	L
47	Spectrogram 1	1	138.375135569	140.723428957	832.520	207.708	138.6562	0.1081	140.2812	0.8108	1.6250	2.3483	240.000	656.000	288.000	416.000	16.47	F
48	Spectrogram 1	1	141.116140060	142.757274993	962.417	634.200	141.2499	0.0769	142.5312	0.8654	1.2812	1.6411	656.000	912.000	672.000	256.000	16.69	LS
49	Spectrogram 1	1	144.604736170	146.440122437	671.209	227.237	144.8124	0.1034	146.1874	0.8621	1.3750	1.8354	256.000	640.000	272.000	384.000	19.66	F
50	Spectrogram 1	1	147.587238854	148.347958162	843.069	642.566	147.7187	0.1667	148.1562	0.7500	0.4375	0.7607	688.000	784.000	736.000	96.000	20.74	LS
51	Spectrogram 1	1	149.458849850	151.137262292	647.340	227.237	149.6249	0.0943	150.9062	0.8679	1.2812	1.6784	256.000	608.000	288.000	352.000	22.03	F
52	Spectrogram 1	1	152.160312975	152.831555489	809.652	609.149	152.2499	0.1000	152.7187	0.8500	0.4688	0.6712	640.000	768.000	656.000	128.000	17.73	LS
53	Spectrogram 1	1	153.845847900	155.632934528	656.888	189.046	153.9999	0.0714	155.3437	0.8393	1.3438	1.7871	208.000	608.000	304.000	400.000	19.54	F
54	Spectrogram 1	1	156.309129469	157.093998596	800.104	618.697	156.4062	0.1200	156.9374	0.8000	0.5312	0.7849	656.000	752.000	720.000	96.000	17.83	LS
55	Spectrogram 1	1	160.773538245	162.607909089	704.627	246.333	161.3749	0.3276	162.3749	0.8793	1.0000	1.8344	272.000	640.000	304.000	368.000	16.88	F
56	Spectrogram 1	1	163.622201500	164.479520086	945.200	623.470	163.6562	0.0370	164.3124	0.8148	0.6562	0.8573	656.000	880.000	720.000	224.000	16.21	LS
57	Spectrogram 1	1	165.373063400	166.966951474	761.913	187.100	165.5937	0.1400	166.7499	0.8800	1.1562	1.5939	240.000	672.000	288.000	432.000	17.95	F
58	Spectrogram 1	1	167.891339390	168.652058698	833.522	527.993	167.9687	0.0870	168.5937	0.9565	0.6250	0.7607	544.000	784.000	720.000	240.000	16.77	LS
59	Spectrogram 1	1	169.605976560	171.320613731	637.792	212.916	169.7499	0.0741	170.9062	0.7593	1.1562	1.7146	256.000	592.000	304.000	336.000	21.10	F
60	Spectrogram 1	1	172.105482859	172.878277076	766.687	585.279	172.1874	0.0833	172.7499	0.8333	0.5625	0.7728	640.000	720.000	720.000	80.000	17.31	LS
61	Spectrogram 1	1	173.774855394	175.441192926	699.853	160.403	173.9999	0.1321	175.2187	0.8679	1.2188	1.6663	192.000	640.000	208.000	448.000	18.27	F
62	Spectrogram 1	1	178.508219978	180.464355342	695.079	236.785	178.7499	0.1148	180.1562	0.8525	1.4062	1.9561	256.000	624.000	288.000	368.000	18.64	F
63	Spectrogram 1	1	181.367787287	182.104356776	866.939	666.435	181.4687	0.1304	181.9062	0.7391	0.4375	0.7366	704.000	816.000	752.000	112.000	22.74	LS
64	Spectrogram 1	1	183.142799006	184.966110363	647.340	241.559	183.5312	0.2105	184.7187	0.8772	1.1875	1.8233	272.000	608.000	288.000	336.000	22.27	F
65	Spectrogram 1	1	185.968327865	186.741122082	862.165	594.827	186.0937	0.1667	186.5312	0.7500	0.4375	0.7728	640.000	736.000	720.000	96.000	20.46	LS
66	Spectrogram 1	1	187.616217101	189.584427374	785.783	203.368	187.9062	0.1452	189.1874	0.8065	1.2812	1.9682	256.000	672.000	304.000	416.000	19.28	F
67	Spectrogram 1	1	190.188172857	191.009266713	809.652	527.993	190.3437	0.1600	190.8749	0.8400	0.5312	0.8211	560.000	752.000	656.000	192.000	18.92	LS
68	Spectrogram 1	1	193.348218825	195.159455273	675.983	212.916	193.6562	0.1579	194.7499	0.7719	1.0938	1.8112	256.000	640.000	288.000	384.000	19.35	F
69	Spectrogram 1	1	196.089223316	196.913564202	829.700	567.100	196.1249	0.0385	196.7812	0.8462	0.6562	0.8243	608.000	768.000	688.000	160.000	17.33	LS
70	Spectrogram 1	1	197.743485939	199.772070760	618.697	227.237	197.9687	0.1094	199.4374	0.8438	1.4688	2.0286	272.000	576.000	288.000	304.000	18.26	F
71	Spectrogram 1	1	200.570920575	200.993542412	747.592	613.923	200.6249	0.0833	200.9062	0.8333	0.2812	0.4226	640.000	688.000	656.000	48.000	18.85	LS
72	Spectrogram 1	1	202.044059552	203.770771632	699.853	174.724	202.3749	0.1852	203.5312	0.8704	1.1562	1.7267	224.000	624.000	240.000	400.000	19.93	F
73	Spectrogram 1	1	205.497483713	206.364237792	890.808	594.100	205.6249	0.1481	206.0312	0.6296	0.4062	0.8668	656.000	800.000	672.000	144.000	18.50	LS
74	Spectrogram 1	1	207.129752154	208.791294632	871.713	184.272	207.4687	0.1923	208.6249	0.9038	1.1562	1.6615	208.000	672.000	208.000	464.000	17.09	F
75	Spectrogram 1	1	209.781437224	210.355931289	833.800	613.923	209.8124	0.0000	210.2812	0.8824	0.4688	0.5745	640.000	752.000	720.000	112.000	14.79	LS
76	Spectrogram 1	1	210.976853280	213.391835210	599.601	198.594	211.6249	0.2632	213.0937	0.8816	1.4688	2.4150	240.000	560.000	288.000	320.000	19.07	F
77	Spectrogram 1	1	214.792524730	216.833184461	604.375	193.820	214.9999	0.0938	216.5937	0.8906	1.5938	2.0407	224.000	576.000	272.000	352.000	21.16	F
78	Spectrogram 1	1	218.261598016	220.000385006	633.018	184.272	218.4374	0.0909	219.7499	0.8545	1.3125	1.7388	208.000	592.000	224.000	384.000	19.66	F
79	Spectrogram 1	1	228.297738120	230.531596406	680.757	241.559	228.7499	0.1972	230.3749	0.9296	1.6250	2.2339	272.000	624.000	288.000	352.000	19.58	F
80	Spectrogram 1	1	231.780205922	233.200151439	2172.878	819.200	232.1249	0.2444	232.8749	0.7778	0.7500	1.4199	880.000	1312.000	896.000	432.000	14.67	L
81	Spectrogram 1	1	236.566570958	238.005965481	1498.537	814.426	236.7812	0.1333	237.7187	0.8000	0.9375	1.4394	880.000	1056.000	992.000	176.000	15.59	L
82	Spectrogram 1	1	239.827167543	241.117516621	2381.748	800.104	239.9687	0.1000	240.8437	0.8000	0.8750	1.2903	832.000	1376.000	848.000	544.000	14.75	L
83	Spectrogram 1	1	242.558091387	243.930970570	2457.600	766.687	242.8437	0.2093	243.7499	0.8837	0.9062	1.3729	800.000	1392.000	912.000	592.000	14.15	L
84	Spectrogram 1	1	245.479369199	247.228050355	2616.889	714.174	245.6562	0.0909	246.9374	0.8364	1.2812	1.7487	752.000	1648.000	880.000	896.000	15.46	L
85	Spectrogram 1	1	248.052334319	249.697672360	1394.570	1140.214	248.2499	0.1154	249.5937	0.9423	1.3438	1.6453	1168.000	1376.000	1280.000	208.000	12.40	R
86	Spectrogram 1	1	250.189457950	251.670447101	2609.304	699.853	250.4374	0.1522	251.4062	0.8261	0.9688	1.4810	768.000	1424.000	848.000	656.000	15.22	L
87	Spectrogram 1	1	253.283049803	254.942747616	2685.156	738.044	253.4999	0.1154	254.5312	0.7500	1.0312	1.6597	784.000	1200.000	880.000	416.000	15.40	L
88	Spectrogram 1	1	256.492942102	258.516569855	2707.911	766.687	256.7812	0.1406	258.1562	0.8281	1.3750	2.0236	848.000	1184.000	944.000	336.000	16.51	L
89	Spectrogram 1	1	259.817568450	262.149484536	756.057	265.428	260.0937	0.1096	261.8749	0.8904	1.7812	2.3319	288.000	624.000	288.000	336.000	21.94	F
90	Spectrogram 1	1	262.898128935	263.678743244	900.356	664.665	263.0312	0.1667	263.4687	0.7500	0.4375	0.7806	704.000	800.000	720.000	96.000	20.91	LS
91	Spectrogram 1	1	264.731475029	267.136136366	652.114	184.272	264.9999	0.1053	266.5937	0.7763	1.5938	2.4047	224.000	576.000	256.000	352.000	21.50	F
92	Spectrogram 1	1	270.535017286	272.370403553	723.722	270.202	270.7187	0.0877	272.1562	0.8947	1.4375	1.8354	288.000	624.000	304.000	336.000	22.00	F
93	Spectrogram 1	1	274.266164369	274.918209490	881.261	618.697	274.3749	0.1500	274.7499	0.7500	0.3750	0.6520	656.000	832.000	736.000	176.000	21.01	LS
94	Spectrogram 1	1	275.835902624	277.622989252	633.018	241.559	276.1249	0.1607	277.4374	0.9107	1.3125	1.7871	272.000	592.000	576.000	320.000	27.13	F
95	Spectrogram 1	1	278.753239330	279.429434270	809.652	604.500	278.8437	0.1000	279.2812	0.8000	0.4375	0.6762	672.000	752.000	704.000	80.000	22.04	LS
96	Spectrogram 1	1	280.588625597	281.977240207	637.792	179.498	280.7812	0.1364	281.8749	0.9318	1.0938	1.3886	208.000	576.000	208.000	368.000	24.30	F
97	Spectrogram 1	1	283.402079546	284.995967620	718.948	189.046	283.5937	0.1200	284.7499	0.8600	1.1562	1.5939	208.000	688.000	256.000	480.000	22.15	F
98	Spectrogram 1	1	414.509660260	416.861091034	561.304	208.142	415.0624	0.2297	416.5937	0.8919	1.5312	2.3514	240.000	496.000	272.000	256.000	15.88	F
99	Spectrogram 1	1	419.304601920	421.678979986	695.079	246.333	419.7499	0.1867	421.4687	0.9200	1.7188	2.3744	272.000	656.000	288.000	384.000	16.93	F
100	Spectrogram 1	1	422.970141534	423.948209216	1153.372	776.235	423.0624	0.0667	423.7499	0.8000	0.6875	0.9781	832.000	1088.000	1008.000	256.000	16.57	L
101	Spectrogram 1	1	426.411490785	429.007596361	729.600	257.558	426.6562	0.0854	428.8124	0.9268	2.1562	2.5961	288.000	624.000	288.000	336.000	17.10	F
102	Spectrogram 1	1	430.653129908	431.691572138	1729.422	809.652	430.7499	0.0909	431.5312	0.8485	0.7812	1.0384	848.000	1072.000	944.000	224.000	16.43	L
103	Spectrogram 1	1	435.422719221	436.726809464	1240.455	819.200	435.6874	0.1951	436.5312	0.8537	0.8438	1.3041	880.000	1040.000	928.000	160.000	20.01	L
104	Spectrogram 1	1	438.417777889	440.198842683	1731.642	809.652	438.7187	0.1607	439.9062	0.8393	1.1875	1.7811	864.000	1120.000	880.000	256.000	17.55	L
105	Spectrogram 1	1	441.877255124	443.012296632	1756.618	738.044	441.9999	0.0857	442.7499	0.7714	0.7500	1.1350	800.000	1152.000	832.000	352.000	19.33	L
106	Spectrogram 1	1	443.851521992	445.016969771	1464.737	1219.152	444.2499	0.3333	444.8124	0.8333	0.5625	1.1654	1264.000	1440.000	1312.000	176.000	14.11	R
107	Spectrogram 1	1	445.396711656	446.946450503	2014.699	843.069	445.6874	0.1837	446.7187	0.8571	1.0312	1.5497	864.000	1264.000	992.000	400.000	18.60	L
108	Spectrogram 1	1	448.583286928	450.436449849	2165.010	809.652	448.8437	0.1379	449.6249	0.5690	0.7812	1.8532	928.000	1232.000	976.000	304.000	18.95	L
109	Spectrogram 1	1	451.865116074	453.781199822	2286.533	873.622	452.0312	0.0820	453.2812	0.7377	1.2500	1.9161	944.000	1632.000	1008.000	688.000	18.91	L
110	Spectrogram 1	1	455.294390416	456.695079935	2300.036	719.100	455.4374	0.0909	456.1874	0.6364	0.7500	1.4007	880.000	1680.000	912.000	800.000	17.48	L
111	Spectrogram 1	1	457.784368084	458.980789843	1673.366	1125.309	457.9062	0.0811	458.6562	0.7297	0.7500	1.1964	1184.000	1520.000	1264.000	336.000	17.55	R
112	Spectrogram 1	1	459.662737642	461.449824270	1761.400	814.749	459.8437	0.0893	461.2499	0.8929	1.4062	1.7871	896.000	1392.000	960.000	496.000	18.38	L
113	Spectrogram 1	1	462.790139242	464.794574244	2219.020	835.003	462.9687	0.0794	464.3749	0.7937	1.4062	2.0044	912.000	1648.000	944.000	736.000	18.14	L
114	Spectrogram 1	1	466.041603580	467.889064757	2011.500	720.231	466.1874	0.0690	467.6562	0.8793	1.4688	1.8475	784.000	1600.000	864.000	816.000	18.42	L
115	Spectrogram 1	1	469.402523005	470.634163789	1530.387	833.800	469.5624	0.1282	470.3124	0.7436	0.7500	1.2316	896.000	1232.000	960.000	336.000	16.89	L
116	Spectrogram 1	1	471.514906108	473.326868642	1855.200	828.252	471.8749	0.1930	473.0312	0.8421	1.1562	1.8120	960.000	1584.000	1040.000	624.000	17.05	L
117	Spectrogram 1	1	474.884531987	476.876892080	2286.533	844.200	475.0312	0.0635	476.4999	0.8095	1.4688	1.9924	960.000	2000.000	1056.000	1040.000	18.44	L
118	Spectrogram 1	1	477.981600004	480.022259735	2306.787	740.485	478.2812	0.1406	479.7499	0.8750	1.4688	2.0407	848.000	1600.000	912.000	752.000	17.69	L
119	Spectrogram 1	1	481.366894004	482.207818382	1658.662	1136.000	481.4687	0.1154	482.0624	0.8462	0.5938	0.8409	1232.000	1600.000	1264.000	368.000	16.86	R
120	Spectrogram 1	1	483.004762420	484.840148687	1597.900	774.241	483.2187	0.1053	484.4687	0.8070	1.2500	1.8354	848.000	1296.000	928.000	448.000	19.31	L
121	Spectrogram 1	1	486.415270380	488.035470290	1881.496	726.982	486.6562	0.1373	487.8437	0.8824	1.1875	1.6202	832.000	1184.000	1072.000	352.000	18.66	L
122	Spectrogram 1	1	489.325536858	491.235321348	2006.374	677.500	489.7812	0.2333	491.0312	0.9000	1.2500	1.9098	768.000	1152.000	848.000	384.000	19.74	L
123	Spectrogram 1	1	492.282418011	494.864408705	693.226	281.396	492.4687	0.0617	494.3124	0.7901	1.8438	2.5820	336.000	624.000	608.000	288.000	23.01	F
124	Spectrogram 1	1	495.685502561	496.613047106	956.526	510.940	495.8124	0.1379	496.2812	0.6552	0.4688	0.9275	608.000	816.000	720.000	208.000	24.61	LS
125	Spectrogram 1	1	497.353935893	499.400891043	718.641	200.380	497.5624	0.0938	499.0312	0.8281	1.4688	2.0470	224.000	672.000	544.000	448.000	23.75	F
126	Spectrogram 1	1	501.009743772	502.833055130	801.246	186.878	501.1874	0.0877	502.5937	0.8772	1.4062	1.8233	224.000	768.000	592.000	544.000	22.25	F
127	Spectrogram 1	1	503.726598444	504.608066849	868.759	558.200	503.9062	0.1852	504.4374	0.8148	0.5312	0.8815	608.000	800.000	720.000	192.000	26.35	LS
128	Spectrogram 1	1	507.388986337	509.381346430	780.993	213.883	507.5312	0.0635	508.9999	0.8095	1.4688	1.9924	256.000	688.000	608.000	432.000	21.71	F
129	Spectrogram 1	1	510.335264293	511.192582878	983.532	558.200	510.4999	0.1852	510.9687	0.7407	0.4688	0.8573	656.000	800.000	768.000	144.000	26.33	LS
130	Spectrogram 1	1	512.158575650	514.018111737	794.495	227.386	512.4062	0.1207	513.8124	0.8966	1.4062	1.8595	256.000	688.000	304.000	432.000	24.11	F
131	Spectrogram 1	1	515.026230750	515.690350781	970.029	583.700	515.1249	0.1429	515.5624	0.8095	0.4375	0.6641	688.000	800.000	704.000	112.000	23.84	LS
132	Spectrogram 1	1	516.728793011	518.467580001	814.749	207.132	516.8749	0.0741	518.2499	0.8889	1.3750	1.7388	240.000	736.000	592.000	496.000	26.21	F
133	Spectrogram 1	1	519.264524038	520.001093527	875.500	483.935	519.3437	0.0870	519.7812	0.6957	0.4375	0.7366	608.000	752.000	736.000	144.000	24.13	LS
134	Spectrogram 1	1	520.839205689	522.590067589	679.723	220.634	521.0937	0.1455	522.2812	0.8364	1.1875	1.7509	272.000	624.000	608.000	352.000	26.63	F
135	Spectrogram 1	1	523.362861807	523.966607289	862.008	564.951	523.4999	0.2222	523.7812	0.7222	0.2812	0.6037	608.000	768.000	672.000	160.000	27.83	LS
136	Spectrogram 1	1	525.017124429	526.852510696	652.718	200.380	525.3124	0.1552	526.3749	0.7414	1.0625	1.8354	240.000	608.000	592.000	368.000	24.47	F
137	Spectrogram 1	1	527.465620860	528.228803021	885.900	521.100	527.7187	0.3333	528.0312	0.7500	0.3125	0.7632	656.000	752.000	672.000	96.000	22.21	LS
138	Spectrogram 1	1	529.127152364	530.902164083	729.600	180.126	529.3124	0.0909	530.7187	0.9091	1.4062	1.7750	208.000	672.000	240.000	464.000	23.80	F
139	Spectrogram 1	1	534.657071311	536.601131765	699.977	240.888	534.7812	0.0492	535.9999	0.6885	1.2188	1.9441	288.000	672.000	656.000	384.000	24.12	F
140	Spectrogram 1	1	537.386000893	538.436518032	807.998	497.438	537.6874	0.2812	538.2187	0.8125	0.5312	1.0505	608.000	752.000	656.000	144.000	25.05	LS
141	Spectrogram 1	1	539.414585714	541.310346530	679.723	234.137	539.6562	0.1186	540.8124	0.7458	1.1562	1.8958	288.000	640.000	304.000	352.000	27.40	F
142	Spectrogram 1	1	542.225056726	542.889176757	801.246	625.713	542.3437	0.1500	542.6249	0.6000	0.2812	0.6641	672.000	720.000	704.000	48.000	24.23	LS
143	Spectrogram 1	1	543.831019710	545.607543440	740.000	220.634	543.9687	0.0714	544.9687	0.6429	1.0000	1.7765	304.000	640.000	608.000	336.000	24.70	F
144	Spectrogram 1	1	546.318451098	547.103320226	855.257	542.000	546.4374	0.1250	546.9062	0.7500	0.4688	0.7849	656.000	800.000	672.000	144.000	28.12	LS
145	Spectrogram 1	1	548.045784186	549.687971899	767.490	207.132	548.1874	0.0769	549.4687	0.8654	1.2812	1.6422	240.000	688.000	240.000	448.000	23.57	F
146	Spectrogram 1	1	550.291717382	550.943762503	828.252	618.961	550.4374	0.2000	550.6874	0.6000	0.2500	0.6520	656.000	720.000	672.000	64.000	25.64	LS
147	Spectrogram 1	1	551.861455636	553.586266032	812.900	200.380	552.0937	0.1296	553.4374	0.9259	1.3438	1.7248	224.000	704.000	608.000	480.000	23.09	F
148	Spectrogram 1	1	558.718717805	561.109549916	750.400	207.132	559.0937	0.1467	560.9062	0.9200	1.8125	2.3908	240.000	592.000	304.000	352.000	19.89	F
149	Spectrogram 1	1	565.678346594	568.057103795	909.267	247.640	565.9374	0.1067	567.7499	0.8800	1.8125	2.3788	304.000	832.000	608.000	528.000	18.78	F
150	Spectrogram 1	1	569.180070393	570.097763527	1083.900	639.215	569.3124	0.1379	569.7187	0.5862	0.4062	0.9177	688.000	912.000	784.000	224.000	19.91	LS
151	Spectrogram 1	1	572.488348262	574.166760704	1908.460	760.739	572.8749	0.2264	573.9999	0.9057	1.1250	1.6784	816.000	1232.000	832.000	416.000	21.20	L
152	Spectrogram 1	1	575.905547694	577.233787755	1192.822	794.495	576.2187	0.2381	576.9687	0.8095	0.7500	1.3282	832.000	1008.000	912.000	176.000	20.13	L
153	Spectrogram 1	1	578.896506864	580.902339197	2572.488	821.500	579.1249	0.1111	580.3124	0.7143	1.1875	2.0058	928.000	1392.000	1088.000	464.000	18.63	L
154	Spectrogram 1	1	582.109926100	584.029740797	2489.236	767.490	582.5937	0.2500	583.2499	0.6000	0.6562	1.9198	848.000	1296.000	992.000	448.000	16.10	L
155	Spectrogram 1	1	585.232399510	586.954892954	2455.935	889.013	585.5624	0.1852	586.5624	0.7778	1.0000	1.7225	928.000	1520.000	960.000	592.000	17.95	L
156	Spectrogram 1	1	588.112350712	589.442324343	2472.585	698.300	588.4999	0.2857	589.0624	0.7143	0.5625	1.3300	832.000	1568.000	848.000	736.000	17.87	L
157	Spectrogram 1	1	590.818864043	591.446759345	1645.159	1206.325	590.9374	0.1579	591.3437	0.8421	0.4062	0.6279	1280.000	1472.000	1312.000	192.000	16.66	R
158	Spectrogram 1	1	592.129124758	593.860423380	1923.122	708.700	592.3749	0.1296	593.4687	0.7778	1.0938	1.7313	816.000	1408.000	960.000	592.000	20.32	L
159	Spectrogram 1	1	595.190967615	597.156873715	2356.033	862.008	595.5937	0.1935	596.8749	0.8548	1.2812	1.9659	928.000	1360.000	1104.000	432.000	18.64	L
160	Spectrogram 1	1	598.252810473	600.103974814	2672.390	771.300	598.7187	0.2414	599.8437	0.8621	1.1250	1.8512	944.000	1616.000	1152.000	672.000	16.81	L
161	Spectrogram 1	1	601.344968606	603.448724787	2605.789	693.226	601.7812	0.1970	603.1562	0.8636	1.3750	2.1038	784.000	1600.000	960.000	816.000	18.06	L
162	Spectrogram 1	1	604.887390402	607.109173778	1645.159	841.754	605.3124	0.1857	606.6562	0.8000	1.3438	2.2218	928.000	1360.000	928.000	432.000	19.46	L
163	Spectrogram 1	1	608.249345795	610.152051010	2572.488	833.800	608.6874	0.2333	609.8124	0.8333	1.1250	1.9027	928.000	1984.000	1008.000	1056.000	15.52	L
164	Spectrogram 1	1	611.653365347	613.233037472	2286.533	802.500	611.8437	0.1200	612.9062	0.8000	1.0625	1.5797	864.000	1616.000	1040.000	752.000	18.08	L
165	Spectrogram 1	1	614.297770561	616.072782280	2563.337	698.300	614.5937	0.1607	615.8124	0.8571	1.2188	1.7750	784.000	1264.000	816.000	480.000	17.08	L
166	Spectrogram 1	1	617.332667425	618.950705319	1341.351	916.019	617.5312	0.1176	618.5312	0.7451	1.0000	1.6180	960.000	1184.000	1040.000	224.000	20.21	L
167	Spectrogram 1	1	620.557491446	622.017732370	1186.071	720.231	620.6562	0.0652	621.7499	0.8261	1.0938	1.4602	816.000	1104.000	944.000	288.000	20.38	L
168	Spectrogram 1	1	622.972473377	625.121807295	2570.088	902.516	623.4374	0.2090	624.8124	0.8657	1.3750	2.1493	992.000	2080.000	1136.000	1088.000	16.62	L
169	Spectrogram 1	1	626.727770279	629.070302751	2468.819	753.987	627.0312	0.1216	628.7499	0.8649	1.7188	2.3425	880.000	1408.000	992.000	528.000	18.09	L
170	Spectrogram 1	1	630.062862696	632.779717368	666.220	301.650	630.3437	0.0941	632.3124	0.8353	1.9688	2.7169	336.000	608.000	592.000	272.000	23.72	F
171	Spectrogram 1	1	633.455912308	634.433979990	828.252	571.702	633.6249	0.1667	634.1874	0.7667	0.5625	0.9781	640.000	752.000	736.000	112.000	24.69	LS
172	Spectrogram 1	1	635.469390177	637.271583758	652.718	247.640	635.5624	0.0357	636.7812	0.7321	1.2188	1.8022	288.000	608.000	608.000	320.000	21.54	F
173	Spectrogram 1	1	638.066341516	638.718386637	814.749	578.453	638.2187	0.2105	638.5624	0.7895	0.3438	0.6520	656.000	752.000	720.000	96.000	27.89	LS
174	Spectrogram 1	1	639.732679048	641.688814412	780.993	213.883	639.9687	0.1129	641.4062	0.8548	1.4375	1.9561	240.000	688.000	272.000	448.000	21.14	F
175	Spectrogram 1	1	642.232185346	642.848005739	794.495	591.956	642.3124	0.1053	642.6249	0.6316	0.3125	0.6158	672.000	752.000	704.000	80.000	20.67	LS
176	Spectrogram 1	1	643.725693395	645.597304391	699.977	193.629	643.9999	0.1356	645.4374	0.9153	1.4375	1.8716	224.000	640.000	256.000	416.000	22.67	F
177	Spectrogram 1	1	649.860368506	651.925178056	699.977	247.640	650.0312	0.0769	651.4374	0.7692	1.4062	2.0648	288.000	624.000	528.000	336.000	22.19	F
178	Spectrogram 1	1	652.939470467	653.676039956	875.511	582.200	653.0937	0.1818	653.5624	0.8636	0.4688	0.7366	624.000	832.000	672.000	208.000	20.89	LS
179	Spectrogram 1	1	655.669800022	657.565560838	794.495	213.883	655.9374	0.1333	657.2187	0.8167	1.2812	1.8958	272.000	704.000	304.000	432.000	21.67	F
180	Spectrogram 1	1	658.652302706	659.268123099	956.400	582.200	658.8749	0.3684	659.1874	0.8947	0.3125	0.6158	608.000	944.000	944.000	336.000	18.31	LS
181	Spectrogram 1	1	660.246190781	661.803854126	740.485	213.883	660.4374	0.1224	661.6562	0.9184	1.2188	1.5577	240.000	640.000	256.000	400.000	23.58	F
182	Spectrogram 1	1	663.100023839	663.957342424	943.024	551.448	663.2499	0.1538	663.7187	0.7308	0.4688	0.8573	608.000	880.000	768.000	272.000	24.24	LS
183	Spectrogram 1	1	664.766361371	666.396474174	767.490	193.629	664.9999	0.1373	666.1249	0.8431	1.1250	1.6301	224.000	672.000	608.000	448.000	22.38	F
184	Spectrogram 1	1	666.963994927	667.471141133	828.252	591.956	667.1249	0.3125	667.3437	0.7500	0.2188	0.5071	640.000	704.000	656.000	64.000	25.95	LS
185	Spectrogram 1	1	668.461380782	670.134582923	713.479	186.878	668.7499	0.1698	669.8437	0.8302	1.0938	1.6732	224.000	640.000	608.000	416.000	22.59	F
186	Spectrogram 1	1	674.075439332	675.898750690	679.723	261.142	674.3124	0.1228	675.5624	0.8246	1.2500	1.8233	288.000	624.000	592.000	336.000	21.73	F
187	Spectrogram 1	1	676.949267829	677.854886053	821.500	571.800	677.1249	0.1786	677.6562	0.7857	0.5312	0.9056	608.000	784.000	736.000	176.000	20.65	LS
188	Spectrogram 1	1	678.857103554	680.692489822	699.977	247.640	679.0624	0.1034	680.3437	0.8103	1.2812	1.8354	288.000	656.000	592.000	368.000	25.26	F
189	Spectrogram 1	1	681.863756058	682.660700095	787.744	605.459	681.9374	0.0800	682.4999	0.8000	0.5625	0.7969	640.000	720.000	672.000	80.000	27.73	LS
190	Spectrogram 1	1	683.711217235	685.268880580	748.500	220.634	683.9374	0.1429	685.1249	0.9184	1.1875	1.5577	256.000	672.000	608.000	416.000	24.23	F
191	Spectrogram 1	1	686.252528866	687.061547813	943.024	537.946	686.4062	0.1667	686.9062	0.8333	0.5000	0.8090	688.000	880.000	736.000	192.000	24.71	LS
192	Spectrogram 1	1	688.172439501	690.225174142	639.215	207.132	688.4062	0.1077	689.8124	0.8000	1.4062	2.0527	240.000	608.000	592.000	368.000	25.35	F
193	Spectrogram 1	1	692.697011847	694.761821398	666.220	240.888	692.9999	0.1385	694.0937	0.6769	1.0938	2.0648	288.000	624.000	608.000	336.000	22.70	F
194	Spectrogram 1	1	696.138361098	696.874930587	873.300	632.464	696.2499	0.1364	696.7499	0.8636	0.5000	0.7366	704.000	768.000	720.000	64.000	27.51	LS
195	Spectrogram 1	1	698.009972094	699.893658000	666.220	240.888	698.2187	0.1017	699.3749	0.7288	1.1562	1.8837	288.000	592.000	576.000	304.000	26.68	F
196	Spectrogram 1	1	700.596217977	701.199963460	767.490	571.702	700.7499	0.2222	701.0312	0.7222	0.2812	0.6037	624.000	704.000	640.000	80.000	24.15	LS
197	Spectrogram 1	1	702.238405690	703.916818131	706.900	180.126	702.4062	0.0943	703.5937	0.8113	1.1875	1.6784	208.000	656.000	592.000	448.000	23.95	F
198	Spectrogram 1	1	705.172608735	706.971770273	753.987	166.624	705.3437	0.0877	706.6562	0.8246	1.3125	1.7992	208.000	640.000	208.000	432.000	21.08	F
199	Spectrogram 1	1	707.531022344	708.074393278	800.500	598.707	707.6562	0.2353	707.8437	0.5882	0.1875	0.5434	656.000	688.000	672.000	32.000	18.54	LS
200	Spectrogram 1	1	708.943786773	710.682573763	733.733	173.375	709.2187	0.1481	710.4374	0.8704	1.2188	1.7388	208.000	656.000	240.000	448.000	21.21	F
201	Spectrogram 1	1	715.002744748	717.091704118	696.500	200.380	715.3124	0.1385	716.6562	0.8000	1.3438	2.0890	240.000	656.000	640.000	416.000	21.85	F
202	Spectrogram 1	1	717.683374691	718.442274774	828.252	598.707	717.8124	0.1667	718.2499	0.7500	0.4375	0.7589	656.000	736.000	688.000	80.000	24.55	LS
203	Spectrogram 1	1	722.988938358	725.162422096	767.490	261.142	723.2499	0.1159	724.8749	0.8696	1.6250	2.1735	304.000	672.000	432.000	368.000	21.81	F
204	Spectrogram 1	1	726.840834538	727.951726226	1299.500	738.100	726.9374	0.0857	727.7187	0.8000	0.7812	1.1109	800.000	1168.000	880.000	368.000	18.10	L
205	Spectrogram 1	1	731.596020104	733.419331462	1798.500	740.485	731.7499	0.0702	732.6249	0.5614	0.8750	1.8233	832.000	1136.000	864.000	304.000	17.24	L
206	Spectrogram 1	1	734.783796253	736.341459598	2239.274	733.733	734.9687	0.1042	735.9999	0.7917	1.0312	1.5577	800.000	1472.000	832.000	672.000	17.70	L
207	Spectrogram 1	1	737.870990239	739.972024518	1793.688	828.252	737.9687	0.0448	739.4999	0.7761	1.5312	2.1010	912.000	1424.000	928.000	512.000	17.88	L
208	Spectrogram 1	1	741.372714038	742.290407172	1489.879	1122.800	741.4687	0.1034	742.0312	0.7241	0.5625	0.9177	1200.000	1328.000	1248.000	128.000	18.00	R
209	Spectrogram 1	1	743.513401340	745.469536704	1871.300	787.744	743.7499	0.1129	744.8437	0.6774	1.0938	1.9561	848.000	1632.000	864.000	784.000	17.16	L
210	Spectrogram 1	1	746.882301133	748.319215382	2185.264	790.100	747.0312	0.0889	747.9062	0.7111	0.8750	1.4369	880.000	1600.000	944.000	720.000	18.26	L
211	Spectrogram 1	1	750.148417886	751.899279786	2286.533	779.700	750.3437	0.1091	751.2187	0.6182	0.8750	1.7509	848.000	1664.000	1040.000	816.000	17.61	L
212	Spectrogram 1	1	753.372418764	754.785183193	2328.700	767.490	753.4999	0.0889	754.5937	0.8667	1.0938	1.4128	880.000	1840.000	912.000	960.000	17.34	L
213	Spectrogram 1	1	756.101348345	756.874142563	1577.646	1152.314	756.2812	0.2174	756.7187	0.8261	0.4375	0.7728	1216.000	1408.000	1232.000	192.000	19.30	R
214	Spectrogram 1	1	757.688910099	759.681270192	2359.900	855.257	757.9999	0.1452	759.1562	0.7419	1.1562	1.9924	944.000	1632.000	1280.000	688.000	17.32	L
215	Spectrogram 1	1	760.937060796	763.207143810	2408.057	727.700	761.1249	0.0833	762.6562	0.7639	1.5312	2.2701	800.000	2128.000	816.000	1328.000	16.13	L
216	Spectrogram 1	1	764.227125232	766.207410415	2543.083	814.749	764.4687	0.1129	765.6874	0.7419	1.2188	1.9803	880.000	2160.000	1088.000	1280.000	16.44	L
217	Spectrogram 1	1	767.402826471	768.743141442	2590.342	769.300	767.6562	0.1905	768.5312	0.8571	0.8750	1.3403	896.000	1904.000	912.000	1008.000	16.51	L
218	Spectrogram 1	1	770.023081865	770.546801794	1584.398	1216.300	770.0937	0.1250	770.4687	0.8750	0.3750	0.5237	1280.000	1552.000	1408.000	272.000	14.10	R
219	Spectrogram 1	1	771.386026624	773.692334368	2691.612	780.993	771.6562	0.1096	773.3124	0.8356	1.6562	2.3063	864.000	2160.000	944.000	1296.000	16.12	L
220	Spectrogram 1	1	775.093023888	776.929779868	2401.500	862.008	775.2812	0.1034	776.3437	0.6897	1.0625	1.8368	896.000	1568.000	1216.000	672.000	18.63	L
221	Spectrogram 1	1	777.988089838	779.449153906	2516.078	787.744	778.1874	0.1304	779.1562	0.8043	0.9688	1.4611	848.000	2032.000	1024.000	1184.000	15.98	L
222	Spectrogram 1	1	780.922292884	782.214308217	2266.300	733.733	781.0937	0.1250	781.9687	0.8250	0.8750	1.2920	816.000	1680.000	848.000	864.000	17.43	L
223	Spectrogram 1	1	783.240675537	784.145320300	1928.714	1165.817	783.3749	0.1429	783.9062	0.7500	0.5312	0.9046	1232.000	1792.000	1280.000	560.000	15.77	R
224	Spectrogram 1	1	785.065131592	787.455963704	2293.285	747.236	785.4062	0.1333	786.9687	0.8000	1.5625	2.3908	768.000	1760.000	784.000	992.000	15.68	L
225	Spectrogram 1	1	788.540789268	791.052370476	2374.300	726.982	788.8749	0.1266	790.5937	0.8228	1.7188	2.5116	784.000	1680.000	848.000	896.000	16.88	L
226	Spectrogram 1	1	792.211561803	793.805449877	2401.305	717.300	792.3749	0.1000	793.5312	0.8400	1.1562	1.5939	832.000	1632.000	864.000	800.000	17.07	L
227	Spectrogram 1	1	794.771442649	797.476222411	665.300	213.883	795.0624	0.1047	797.1562	0.8837	2.0938	2.7048	272.000	576.000	544.000	304.000	22.70	F
228	Spectrogram 1	1	800.257887989	802.250248081	760.739	240.888	800.6249	0.1746	801.9999	0.8730	1.3750	1.9924	272.000	704.000	528.000	432.000	19.96	F
229	Spectrogram 1	1	803.095491757	803.832061246	1017.288	612.210	803.2812	0.2273	803.6562	0.7727	0.3750	0.7366	656.000	768.000	704.000	112.000	21.78	LS
230	Spectrogram 1	1	804.870503476	806.681739924	801.246	227.386	804.9687	0.0526	806.3749	0.8421	1.4062	1.8112	272.000	752.000	288.000	480.000	21.47	F
231	Spectrogram 1	1	807.561136344	808.311852727	842.100	612.210	807.7187	0.2174	808.0937	0.7391	0.3750	0.7507	688.000	752.000	704.000	64.000	22.34	LS
232	Spectrogram 1	1	809.253539979	811.040626607	848.506	186.878	809.4999	0.1250	810.8124	0.8750	1.3125	1.7871	224.000	768.000	240.000	544.000	21.65	F
233	Spectrogram 1	1	813.503908176	815.315144624	862.008	186.878	813.7187	0.1053	815.0624	0.8596	1.3438	1.8112	224.000	608.000	256.000	384.000	17.63	F
234	Spectrogram 1	1	816.129590607	816.880899994	943.024	517.692	816.2187	0.0870	816.7812	0.8696	0.5625	0.7513	608.000	864.000	720.000	256.000	19.82	LS
235	Spectrogram 1	1	819.054383732	821.034668915	767.490	213.883	819.3749	0.1587	820.8124	0.8889	1.4375	1.9803	256.000	688.000	272.000	432.000	23.55	F
236	Spectrogram 1	1	821.891987500	822.882130092	842.100	517.692	822.0937	0.1935	822.7187	0.8387	0.6250	0.9901	592.000	752.000	704.000	160.000	23.89	LS
237	Spectrogram 1	1	824.925790965	827.002675425	639.215	213.883	825.3124	0.1818	826.4999	0.7576	1.1875	2.0769	288.000	608.000	592.000	320.000	20.45	F
238	Spectrogram 1	1	827.835844191	828.777687144	1084.801	504.189	827.9999	0.1724	828.5624	0.7931	0.5625	0.9418	608.000	816.000	688.000	208.000	22.31	LS
239	Spectrogram 1	1	829.728108853	831.699815280	686.474	213.883	829.9374	0.0968	831.4687	0.8871	1.5312	1.9717	256.000	608.000	272.000	352.000	21.10	F
240	Spectrogram 1	1	835.715946145	837.635856780	686.100	227.386	835.9999	0.1475	837.4687	0.9180	1.4688	1.9199	272.000	656.000	288.000	384.000	20.99	F
241	Spectrogram 1	1	838.456950636	839.253894673	848.506	598.707	838.6874	0.2800	838.9374	0.6000	0.2500	0.7969	672.000	720.000	688.000	48.000	21.11	LS
242	Spectrogram 1	1	840.159512897	842.043801802	835.003	220.634	840.5312	0.1864	841.7187	0.8305	1.1875	1.8843	256.000	784.000	608.000	528.000	21.32	F
243	Spectrogram 1	1	842.861017852	843.597587341	852.500	470.433	842.9999	0.1739	843.4374	0.7826	0.4375	0.7366	544.000	752.000	672.000	208.000	24.33	LS
244	Spectrogram 1	1	844.539430294	846.169543097	747.236	186.878	844.7499	0.1176	845.7812	0.7647	1.0312	1.6301	240.000	688.000	688.000	448.000	23.35	F
245	Spectrogram 1	1	846.942337315	847.630607165	821.500	564.951	847.0937	0.1905	847.5312	0.8571	0.4375	0.6883	624.000	720.000	656.000	96.000	22.18	LS
246	Spectrogram 1	1	848.634920466	850.382106696	801.246	153.121	848.8749	0.1273	850.0312	0.8000	1.1562	1.7472	224.000	704.000	656.000	480.000	20.53	F
247	Spectrogram 1	1	850.959157047	851.686196938	883.700	510.940	851.0624	0.1364	851.4374	0.6818	0.3750	0.7270	624.000	736.000	704.000	112.000	22.98	LS
248	Spectrogram 1	1	852.519365704	854.220026281	842.100	180.126	852.7499	0.1296	853.8749	0.7963	1.1250	1.7007	208.000	800.000	784.000	592.000	20.01	F
249	Spectrogram 1	1	854.632474893	855.091321460	787.744	558.200	854.8124	0.3846	854.9687	0.7692	0.1562	0.4588	624.000	720.000	688.000	96.000	23.81	LS
250	Spectrogram 1	1	856.092685176	857.722797980	760.739	146.370	856.3749	0.1731	857.3749	0.7885	1.0000	1.6301	208.000	688.000	384.000	480.000	22.00	F
251	Spectrogram 1	1	858.382838068	859.051038041	949.775	531.194	858.4687	0.1000	858.8749	0.7500	0.4062	0.6682	608.000	800.000	704.000	192.000	22.72	LS
252	Spectrogram 1	1	859.980806085	861.659218526	758.900	180.126	860.2187	0.1321	861.3124	0.7925	1.0938	1.6784	240.000	704.000	288.000	464.000	18.49	F
253	Spectrogram 1	1	868.200135607	870.230981146	902.516	213.883	868.5937	0.1875	869.6874	0.7344	1.0938	2.0308	256.000	704.000	288.000	448.000	18.22	F
254	Spectrogram 1	1	871.245273556	872.211266329	801.246	544.697	871.5937	0.3667	871.8437	0.6333	0.2500	0.9660	624.000	704.000	688.000	80.000	19.18	LS
255	Spectrogram 1	1	873.104809643	874.952270820	807.998	220.634	873.3437	0.1207	874.7812	0.9138	1.4375	1.8475	256.000	736.000	400.000	480.000	18.03	F
256	Spectrogram 1	1	876.384393639	877.302086773	902.516	571.702	876.5937	0.2143	876.9687	0.6429	0.3750	0.9177	688.000	832.000	752.000	144.000	21.36	LS
257	Spectrogram 1	1	878.121503700	880.006866535	875.511	186.878	878.3124	0.1000	879.6874	0.8333	1.3750	1.8854	224.000	688.000	288.000	464.000	20.06	F
258	Spectrogram 1	1	880.598537108	881.588679699	935.600	558.200	880.7499	0.1333	881.2499	0.6667	0.5000	0.9901	656.000	864.000	768.000	208.000	21.43	LS
259	Spectrogram 1	1	882.402055162	884.080467603	679.723	159.873	882.6562	0.1509	883.7499	0.8113	1.0938	1.6784	224.000	640.000	288.000	416.000	20.47	F
260	Spectrogram 1	1	894.195409440	896.815664834	726.982	207.132	894.5312	0.1205	896.3124	0.8072	1.7812	2.6203	256.000	640.000	304.000	384.000	16.74	F
261	Spectrogram 1	1	900.269088995	902.551246919	738.100	247.640	900.5937	0.1389	902.3124	0.9028	1.7188	2.2822	288.000	672.000	400.000	384.000	21.29	F
262	Spectrogram 1	1	903.674213517	904.555681922	983.532	713.479	903.8124	0.1481	904.3437	0.7778	0.5312	0.8815	752.000	848.000	784.000	96.000	23.53	LS
263	Spectrogram 1	1	907.157377633	908.787490437	1725.700	774.241	907.4062	0.1373	908.4999	0.8235	1.0938	1.6301	832.000	1072.000	832.000	240.000	17.72	L
264	Spectrogram 1	1	910.333078872	911.842442579	2394.554	787.744	910.5937	0.1702	911.5312	0.8085	0.9375	1.5094	848.000	1472.000	864.000	624.000	17.47	L
265	Spectrogram 1	1	913.350892662	915.113829471	2165.010	720.231	913.6562	0.1636	914.9374	0.9091	1.2812	1.7629	816.000	1184.000	880.000	368.000	20.72	L
266	Spectrogram 1	1	916.719792455	917.468436853	1618.154	1260.335	916.8437	0.1364	917.3124	0.8182	0.4688	0.7486	1296.000	1488.000	1312.000	192.000	20.98	R
267	Spectrogram 1	1	918.494804174	920.088692248	1597.900	760.739	918.6562	0.1000	919.7812	0.8200	1.1250	1.5939	800.000	1056.000	896.000	256.000	21.41	L
268	Spectrogram 1	1	921.646430030	923.565532120	1621.800	753.987	921.8749	0.1148	923.0937	0.7541	1.2188	1.9191	848.000	1248.000	1008.000	400.000	21.53	L
269	Spectrogram 1	1	925.027404733	926.669592446	1969.222	699.977	925.2812	0.1538	926.4062	0.8462	1.1250	1.6422	768.000	1296.000	1024.000	528.000	18.91	L
270	Spectrogram 1	1	928.061230818	929.670989149	2079.200	702.136	928.3124	0.1569	929.2187	0.7255	0.9062	1.6098	752.000	1600.000	768.000	848.000	18.15	L
271	Spectrogram 1	1	930.778085490	931.562954617	1413.800	1112.400	930.9062	0.1600	931.4062	0.8000	0.5000	0.7849	1216.000	1360.000	1264.000	144.000	18.43	R
272	Spectrogram 1	1	932.359898654	934.122835463	2119.909	816.908	932.6562	0.1636	933.8437	0.8545	1.1875	1.7629	912.000	1472.000	928.000	560.000	18.13	L
273	Spectrogram 1	1	935.535008083	937.684342001	2302.195	830.410	935.9687	0.1940	937.1562	0.7612	1.1875	2.1493	960.000	1488.000	1024.000	528.000	18.40	L
274	Spectrogram 1	1	939.278230075	940.678919595	1944.000	762.897	939.4999	0.1591	940.3749	0.7955	0.8750	1.4007	864.000	1424.000	912.000	560.000	19.37	L
275	Spectrogram 1	1	941.953080528	943.269245680	2113.158	695.384	942.1562	0.1463	942.9062	0.7317	0.7500	1.3162	768.000	1376.000	768.000	608.000	18.74	L
276	Spectrogram 1	1	944.344900700	945.189156315	1498.789	1127.468	944.5624	0.2308	944.9687	0.7308	0.4062	0.8443	1216.000	1392.000	1312.000	176.000	15.57	R
277	Spectrogram 1	1	945.901575984	947.567913516	1984.883	708.887	946.0624	0.0943	947.1562	0.7547	1.0938	1.6663	816.000	1232.000	832.000	416.000	18.19	L
278	Spectrogram 1	1	948.969283882	950.720145781	2194.174	748.500	949.2499	0.1455	950.2812	0.7455	1.0312	1.7509	880.000	1312.000	1072.000	432.000	17.28	L
279	Spectrogram 1	1	952.277809126	954.209794671	2126.661	742.643	952.4687	0.0984	953.4999	0.6393	1.0312	1.9320	816.000	1472.000	1088.000	656.000	17.88	L
280	Spectrogram 1	1	955.220508469	956.512523802	2207.676	702.136	955.4374	0.1500	956.1562	0.7250	0.7188	1.2920	832.000	1600.000	848.000	768.000	17.76	L
281	Spectrogram 1	1	957.635490400	958.529033714	1485.287	987.600	957.7812	0.1481	958.3749	0.8519	0.5938	0.8935	1072.000	1344.000	1104.000	272.000	16.79	R
282	Spectrogram 1	1	959.265603203	960.545543626	2018.640	816.908	959.4687	0.1500	960.1874	0.7250	0.7188	1.2799	880.000	1712.000	1088.000	832.000	17.48	L
283	Spectrogram 1	1	962.131772886	964.389780991	2092.904	729.141	962.4687	0.1408	963.8124	0.7465	1.3438	2.2580	832.000	1360.000	976.000	528.000	18.87	L
284	Spectrogram 1	1	965.838770149	967.541332410	1971.381	613.400	966.0312	0.1111	967.1562	0.7778	1.1250	1.7026	800.000	1296.000	816.000	496.000	17.96	L
285	Spectrogram 1	1	968.844711165	970.052202130	2113.158	729.141	969.0937	0.1892	969.7812	0.7838	0.6875	1.2075	848.000	1360.000	944.000	512.000	18.83	L
286	Spectrogram 1	1	971.042344722	973.179603730	796.654	195.788	971.2499	0.0896	972.8749	0.8657	1.6250	2.1373	256.000	672.000	624.000	416.000	22.54	F
287	Spectrogram 1	1	973.855798671	974.785566714	972.188	592.600	973.9999	0.1379	974.4687	0.6552	0.4688	0.9298	688.000	864.000	704.000	176.000	24.12	LS
288	Spectrogram 1	1	975.635369042	977.443596067	842.100	229.544	975.7499	0.0526	977.1249	0.8246	1.3750	1.8082	272.000	672.000	592.000	400.000	22.32	F
289	Spectrogram 1	1	978.156015737	979.069688767	958.685	582.200	978.3124	0.1724	978.7499	0.6552	0.4375	0.9137	704.000	816.000	736.000	112.000	22.32	LS
290	Spectrogram 1	1	979.991402004	981.899237729	790.100	162.031	980.1562	0.0833	981.5624	0.8333	1.4062	1.9078	224.000	720.000	224.000	496.000	22.45	F
291	Spectrogram 1	1	986.284958637	988.108269995	891.172	209.290	986.6249	0.1754	987.6249	0.7368	1.0000	1.8233	256.000	816.000	576.000	560.000	17.58	F
292	Spectrogram 1	1	989.025963128	989.967806081	850.664	540.104	989.1562	0.1379	989.6874	0.7241	0.5312	0.9418	672.000	800.000	784.000	128.000	27.12	LS
293	Spectrogram 1	1	990.861349396	992.938233856	735.892	216.042	991.1562	0.1364	992.4687	0.7727	1.3125	2.0769	272.000	688.000	592.000	416.000	22.19	F
294	Spectrogram 1	1	993.583226831	994.346408992	843.913	600.866	993.7499	0.2083	994.0624	0.6250	0.3125	0.7632	672.000	736.000	704.000	64.000	25.13	LS
295	Spectrogram 1	1	995.293057973	997.200893698	831.700	182.285	995.5312	0.1167	996.7812	0.7833	1.2500	1.9078	224.000	720.000	240.000	496.000	21.56	F
296	Spectrogram 1	1	997.865013729	998.891381050	877.670	499.596	998.0312	0.1562	998.6562	0.7812	0.6250	1.0264	560.000	800.000	752.000	240.000	25.60	LS
297	Spectrogram 1	1	999.610358113	1001.324995284	727.700	162.031	999.8437	0.1296	1001.1249	0.8889	1.2812	1.7146	208.000	672.000	592.000	464.000	24.22	F
298	Spectrogram 1	1	1005.185166046	1007.237758390	904.675	195.788	1005.4374	0.1231	1006.8749	0.8308	1.4375	2.0526	240.000	704.000	288.000	464.000	17.04	F
299	Spectrogram 1	1	1008.034844724	1009.061212045	812.975	511.475	1008.2187	0.1613	1008.6562	0.6129	0.4375	1.0264	592.000	720.000	704.000	128.000	27.33	LS
300	Spectrogram 1	1	1009.804825659	1011.717692168	830.410	209.290	1010.0937	0.1500	1011.4062	0.8500	1.3125	1.9129	256.000	704.000	352.000	448.000	22.19	F
301	Spectrogram 1	1	1012.520123080	1013.469998219	894.100	478.200	1012.6874	0.1667	1013.2812	0.8000	0.5938	0.9499	544.000	736.000	672.000	192.000	25.94	LS
302	Spectrogram 1	1	1014.319284618	1016.812225501	758.900	135.100	1014.5937	0.1026	1015.9374	0.6538	1.3438	2.4929	224.000	640.000	592.000	416.000	19.54	F
303	Spectrogram 1	1	1017.575467500	1019.471228316	803.405	155.280	1017.7812	0.1000	1019.2187	0.8667	1.4375	1.8958	208.000	704.000	224.000	496.000	20.68	F
304	Spectrogram 1	1	1024.118286525	1026.195170986	897.923	222.793	1024.3437	0.1061	1025.9062	0.8636	1.5625	2.0769	272.000	832.000	272.000	560.000	17.83	F
305	Spectrogram 1	1	1027.028339752	1028.103006711	850.664	506.348	1027.1874	0.1471	1027.8124	0.7353	0.6250	1.0747	576.000	816.000	800.000	240.000	22.94	LS
306	Spectrogram 1	1	1028.984475115	1030.844011202	789.903	236.296	1029.3124	0.1695	1030.4999	0.8136	1.1875	1.8595	288.000	640.000	592.000	352.000	23.26	F
307	Spectrogram 1	1	1031.802668754	1032.599612791	816.908	499.596	1031.9374	0.1600	1032.3749	0.7200	0.4375	0.7969	592.000	752.000	720.000	160.000	26.06	LS
308	Spectrogram 1	1	1033.565605563	1035.486159825	783.151	175.534	1033.8124	0.1167	1035.1249	0.8167	1.3125	1.9206	224.000	640.000	592.000	416.000	22.64	F
309	Spectrogram 1	1	1036.234160597	1036.994879905	911.426	540.104	1036.3124	0.0870	1036.7187	0.6522	0.4062	0.7607	656.000	832.000	768.000	176.000	24.28	LS
310	Spectrogram 1	1	1037.827135047	1039.553847128	735.892	162.031	1037.9999	0.0926	1039.2499	0.8333	1.2500	1.7267	208.000	640.000	576.000	432.000	22.87	F
311	Spectrogram 1	1	1047.178744549	1049.629951209	634.623	216.042	1047.4374	0.1026	1049.3437	0.8846	1.9062	2.4512	272.000	576.000	528.000	304.000	22.00	F
312	Spectrogram 1	1	1054.759197259	1057.246628648	776.400	216.042	1054.9999	0.0897	1056.7812	0.8205	1.7812	2.4874	304.000	672.000	576.000	368.000	19.93	F
313	Spectrogram 1	1	1058.478269432	1059.516711662	1012.696	654.876	1058.6562	0.1562	1059.0624	0.5625	0.4062	1.0384	800.000	912.000	832.000	112.000	19.44	LS
314	Spectrogram 1	1	1060.760427356	1061.666045580	1268.300	1026.198	1060.8749	0.1071	1061.3749	0.6786	0.5000	0.9056	1104.000	1216.000	1120.000	112.000	20.58	R
315	Spectrogram 1	1	1062.380882863	1063.552149099	1377.266	810.156	1062.5624	0.1389	1063.3437	0.8333	0.7812	1.1713	848.000	1040.000	864.000	192.000	16.91	L
316	Spectrogram 1	1	1065.616938436	1067.428195098	2133.412	837.162	1065.8437	0.1228	1066.9062	0.7193	1.0625	1.8113	912.000	1328.000	912.000	416.000	19.94	L
317	Spectrogram 1	1	1068.804714584	1070.640100851	1930.873	810.156	1068.9999	0.1034	1070.3124	0.8276	1.3125	1.8354	896.000	1344.000	1152.000	448.000	19.42	L
318	Spectrogram 1	1	1072.016640551	1073.707127903	2281.941	796.654	1072.1874	0.0943	1073.2187	0.7170	1.0312	1.6905	912.000	1456.000	1264.000	544.000	18.45	L
319	Spectrogram 1	1	1074.842169410	1075.687413086	1247.500	931.680	1074.9062	0.0769	1075.4999	0.8077	0.5938	0.8452	960.000	1136.000	1040.000	176.000	21.17	L
320	Spectrogram 1	1	1076.665091094	1078.452177722	2068.800	735.892	1076.9687	0.1607	1077.9687	0.7321	1.0000	1.7871	848.000	1536.000	896.000	688.000	19.65	L
321	Spectrogram 1	1	1079.804567603	1081.446755316	2214.428	843.913	1080.0624	0.1538	1081.0312	0.7500	0.9688	1.6422	976.000	1424.000	1104.000	448.000	19.05	L
322	Spectrogram 1	1	1082.786307182	1084.380195256	2180.671	830.410	1083.0312	0.1400	1084.0937	0.8200	1.0625	1.5939	912.000	1744.000	1248.000	832.000	17.69	L
323	Spectrogram 1	1	1086.010308059	1087.398922669	2099.656	702.136	1086.3437	0.2326	1086.9374	0.6744	0.5938	1.3886	768.000	1520.000	768.000	752.000	18.46	L
324	Spectrogram 1	1	1088.727162731	1089.742358003	1505.541	976.700	1088.8437	0.0968	1089.5624	0.8387	0.7188	1.0152	1056.000	1440.000	1168.000	384.000	16.28	R
325	Spectrogram 1	1	1090.115125692	1091.817687953	2295.443	708.887	1090.4062	0.1667	1091.2812	0.6852	0.8750	1.7026	832.000	1680.000	880.000	848.000	17.41	L
326	Spectrogram 1	1	1093.230452382	1095.355636481	2261.687	762.897	1093.5312	0.1343	1095.0312	0.8507	1.5000	2.1252	880.000	1888.000	896.000	1008.000	16.82	L
327	Spectrogram 1	1	1096.914182808	1098.640894889	2491.231	742.643	1097.1562	0.1296	1098.2499	0.7778	1.0938	1.7267	816.000	1984.000	1120.000	1168.000	18.50	L
328	Spectrogram 1	1	1099.703486938	1101.563023025	2362.956	789.903	1099.9062	0.1017	1101.2187	0.8136	1.3125	1.8595	880.000	1936.000	928.000	1056.000	17.61	L
329	Spectrogram 1	1	1104.341626510	1106.116638229	1951.127	808.700	1104.6874	0.1964	1105.7499	0.8036	1.0625	1.7750	960.000	1680.000	1024.000	720.000	17.07	L
330	Spectrogram 1	1	1107.541477568	1109.557987480	2396.713	837.162	1107.7499	0.0952	1109.0624	0.7619	1.3125	2.0165	928.000	1808.000	1056.000	880.000	16.73	L
331	Spectrogram 1	1	1110.694518378	1112.083132988	2403.464	714.200	1110.8124	0.0698	1111.9374	0.9070	1.1250	1.3886	768.000	2016.000	784.000	1248.000	17.56	L
332	Spectrogram 1	1	1113.121575218	1114.896586937	2578.998	776.400	1113.6249	0.2857	1114.5312	0.8036	0.9062	1.7750	848.000	1440.000	864.000	592.000	16.81	L
333	Spectrogram 1	1	1116.075885360	1117.959571266	1546.049	870.918	1116.3124	0.1186	1117.5624	0.7966	1.2500	1.8837	912.000	1344.000	960.000	432.000	18.52	V
334	Spectrogram 1	1	1119.070462954	1121.183572143	2241.433	769.649	1119.2812	0.0909	1120.6874	0.7727	1.4062	2.1131	816.000	1520.000	928.000	704.000	16.19	L
335	Spectrogram 1	1	1122.313298271	1124.136609628	2423.718	672.200	1122.4999	0.0877	1123.7187	0.7719	1.2188	1.8233	800.000	1696.000	832.000	896.000	16.69	L
336	Spectrogram 1	1	1125.344100593	1126.709875259	2254.936	681.882	1125.4374	0.0476	1126.4062	0.7857	0.9688	1.3658	736.000	1664.000	896.000	928.000	16.75	L
337	Spectrogram 1	1	1127.410339437	1129.813246458	756.200	209.290	1127.7812	0.1447	1129.5937	0.9079	1.8125	2.4029	240.000	608.000	256.000	368.000	19.91	F
338	Spectrogram 1	1	1130.421715510	1131.238085797	816.908	641.374	1130.5624	0.1600	1130.9999	0.7200	0.4375	0.8164	704.000	752.000	720.000	48.000	27.19	LS
339	Spectrogram 1	1	1133.104604460	1135.157339101	857.416	175.534	1133.3437	0.1077	1134.8124	0.8308	1.4688	2.0527	224.000	720.000	256.000	496.000	19.08	F
340	Spectrogram 1	1	1135.954283138	1136.823676633	891.172	621.120	1136.0312	0.0741	1136.5937	0.7407	0.5625	0.8694	688.000	800.000	736.000	112.000	24.76	LS
341	Spectrogram 1	1	1137.776016334	1139.625055673	829.700	209.290	1138.0312	0.1356	1139.3749	0.8644	1.3438	1.8490	240.000	688.000	256.000	448.000	18.24	F
342	Spectrogram 1	1	1140.337475342	1140.832546638	803.405	607.617	1140.4374	0.2000	1140.7187	0.8000	0.2812	0.4951	656.000	720.000	672.000	64.000	22.83	LS
343	Spectrogram 1	1	1141.920876664	1143.707963293	857.416	195.788	1142.0624	0.0714	1143.4374	0.8571	1.3750	1.7871	224.000	640.000	240.000	416.000	19.76	F
344	Spectrogram 1	1	1144.432457872	1145.144877541	934.700	654.876	1144.5312	0.1364	1144.9062	0.6818	0.3750	0.7124	720.000	816.000	736.000	96.000	24.88	LS
345	Spectrogram 1	1	1146.147095042	1148.296428961	850.664	126.000	1146.3124	0.0735	1147.6874	0.7206	1.3750	2.1493	224.000	704.000	656.000	480.000	17.67	F
346	Spectrogram 1	1	1152.707538732	1154.530850090	702.136	202.539	1153.0624	0.1930	1154.3124	0.8947	1.2500	1.8233	240.000	640.000	256.000	400.000	22.72	F
347	Spectrogram 1	1	1155.339869036	1156.281711989	823.659	533.353	1155.4687	0.1333	1156.0312	0.7333	0.5625	0.9418	624.000	736.000	704.000	112.000	20.60	LS
348	Spectrogram 1	1	1158.636476267	1160.556386902	722.390	216.042	1158.8749	0.1167	1160.2187	0.8333	1.3438	1.9199	256.000	672.000	592.000	416.000	19.50	F
349	Spectrogram 1	1	1161.292956391	1161.993301151	803.405	540.104	1161.4374	0.1905	1161.8437	0.8095	0.4062	0.7003	608.000	752.000	736.000	144.000	23.30	LS
350	Spectrogram 1	1	1162.995518652	1164.782605280	735.892	202.539	1163.1249	0.0702	1164.4062	0.7895	1.2812	1.7871	256.000	688.000	576.000	432.000	22.13	F
351	Spectrogram 1	1	1166.282977938	1166.995397607	857.416	556.600	1166.3749	0.0952	1166.8437	0.8095	0.4688	0.7124	672.000	816.000	688.000	144.000	22.20	LS
352	Spectrogram 1	1	1167.913090741	1169.808851556	627.871	126.000	1168.1874	0.1356	1169.5624	0.8814	1.3750	1.8958	240.000	592.000	416.000	352.000	19.74	F
353	Spectrogram 1	1	1170.544792017	1171.269915624	882.200	556.600	1170.6562	0.1364	1170.9999	0.6364	0.3438	0.7251	656.000	784.000	704.000	128.000	19.65	LS
354	Spectrogram 1	1	1172.133125357	1173.763238160	810.156	175.534	1172.3124	0.0980	1173.4687	0.8235	1.1562	1.6301	224.000	656.000	592.000	432.000	21.67	F
355	Spectrogram 1	1	1174.620556745	1175.470785965	918.177	513.099	1174.7187	0.1111	1175.0624	0.5185	0.3438	0.8502	592.000	832.000	672.000	240.000	20.41	LS
356	Spectrogram 1	1	1176.268658225	1178.280683922	829.700	182.285	1176.4374	0.0794	1177.5624	0.6508	1.1250	2.0120	224.000	656.000	240.000	432.000	19.06	F
357	Spectrogram 1	1	1181.968382832	1183.827918919	688.633	189.037	1182.2812	0.1695	1183.4999	0.8305	1.2188	1.8595	224.000	592.000	240.000	368.000	18.89	F
358	Spectrogram 1	1	1184.649012775	1185.542556090	830.410	567.100	1184.8124	0.1786	1185.0624	0.4643	0.2500	0.8935	656.000	688.000	672.000	32.000	20.40	LS
359	Spectrogram 1	1	1187.961430425	1189.936808512	871.700	178.500	1188.1562	0.0968	1189.5312	0.8065	1.3750	1.9754	288.000	800.000	288.000	512.000	17.10	F
360	Spectrogram 1	1	1190.902801284	1191.714705965	850.700	609.100	1191.0312	0.1600	1191.3124	0.5200	0.2812	0.8119	688.000	768.000	720.000	80.000	19.20	LS
361	Spectrogram 1	1	1192.569138816	1194.247551258	715.638	216.042	1192.8124	0.1346	1193.6562	0.6538	0.8438	1.6784	336.000	640.000	624.000	304.000	21.96	F
362	Spectrogram 1	1	1195.236215046	1195.996934355	934.700	682.700	1195.3437	0.1304	1195.8749	0.8696	0.5312	0.7607	768.000	880.000	816.000	112.000	27.38	LS
363	Spectrogram 1	1	1196.914627488	1198.810388304	681.882	189.037	1197.1249	0.1017	1198.2812	0.7288	1.1562	1.8958	224.000	640.000	256.000	416.000	21.18	F
364	Spectrogram 1	1	72.335641637	72.335641637	3963.336	132.664	72.3437	NaN	72.3437	NaN	0.0000	0.0000	208.000	2448.000	496.000	2240.000	14.73	break
365	Spectrogram 1	1	223.934894365	223.934894365	3930.170	215.579	223.9374	NaN	223.9374	NaN	0.0000	0.0000	256.000	3200.000	624.000	2944.000	12.12	break
366	Spectrogram 1	1	411.174362960	411.311474464	3714.591	281.911	411.1874	0.0000	411.2812	1.0000	0.0938	0.1371	416.000	2304.000	624.000	1888.000	11.74	break
367	Spectrogram 1	1	563.159721905	563.159721905	3814.089	215.579	563.1562	NaN	563.1562	NaN	0.0000	0.0000	240.000	2848.000	240.000	2608.000	14.21	break
368	Spectrogram 1	1	721.250381912	721.387493415	3714.591	315.077	721.2812	0.0000	721.3749	1.0000	0.0938	0.1371	352.000	2368.000	368.000	2016.000	14.96	break
369	Spectrogram 1	1	898.709961670	898.709961670	3897.004	265.328	898.7187	NaN	898.7187	NaN	0.0000	0.0000	352.000	3008.000	512.000	2656.000	12.74	break
370	Spectrogram 1	1	1052.550165071	1052.550165071	3681.425	232.162	1052.5624	NaN	1052.5624	NaN	0.0000	0.0000	304.000	2912.000	320.000	2608.000	13.24	break
371	Spectrogram 1	1	1199.635275689	1199.875220820	994.980	613.571	1199.6874	0.1429	1199.8749	1.0000	0.1875	0.2399	704.000	896.000	720.000	192.000	28.69	LS
372	Spectrogram 1	1	1199.926259617	1199.926259617	3416.097	149.247	1199.9374	NaN	1199.9374	NaN	0.0000	0.0000	688.000	1408.000	704.000	720.000	14.34	break
