Selection	View	Channel	Begin Time (s)	End Time (s)	High Freq (Hz)	Low Freq (Hz)	Time 5% (s)	Time 5% Rel.	Time 95% (s)	Time 95% Rel.	Dur 90% (s)	Delta Time (s)	Freq 5% (Hz)	Freq 95% (Hz)	Peak Freq (Hz)	BW 90% (Hz)	SNR NIST Quick (dB)	QualName
1	Spectrogram 1	1	3.564899089	7.071067093	1781.333	771.710	4.2499	0.1892	6.3124	0.7838	2.0625	3.5062	816.000	1024.000	816.000	208.000	19.98	L
2	Spectrogram 1	1	9.327295737	11.443963847	1179.826	942.377	10.0937	0.3582	11.3124	0.9403	1.2188	2.1167	976.000	1088.000	1008.000	112.000	23.17	L
3	Spectrogram 1	1	13.537371868	15.119057928	2129.623	905.275	14.0312	0.3061	14.9687	0.9184	0.9375	1.5817	976.000	1056.000	1008.000	80.000	19.95	L
4	Spectrogram 1	1	17.503137767	19.573285699	1009.159	808.812	17.6562	0.0615	19.0937	0.7692	1.4375	2.0701	864.000	992.000	928.000	128.000	26.45	L
5	Spectrogram 1	1	21.992334967	26.830433504	1150.145	771.710	22.5937	0.1234	25.9999	0.8312	3.4062	4.8381	880.000	1072.000	992.000	192.000	23.06	L
6	Spectrogram 1	1	27.579977913	30.301408340	831.072	192.928	28.0937	0.1860	29.9374	0.8721	1.8438	2.7214	224.000	672.000	640.000	448.000	20.41	F
7	Spectrogram 1	1	33.046098857	35.651228838	645.565	192.928	33.4062	0.1341	35.3749	0.9024	1.9688	2.6051	224.000	624.000	240.000	400.000	23.49	F
8	Spectrogram 1	1	36.122574211	36.946670239	868.848	620.606	36.2812	0.1923	36.6874	0.6923	0.4062	0.8241	688.000	816.000	736.000	128.000	24.34	LS
9	Spectrogram 1	1	37.930717572	40.768448445	742.029	244.870	38.2499	0.1111	40.2812	0.8333	2.0312	2.8377	288.000	624.000	304.000	336.000	21.14	F
10	Spectrogram 1	1	41.745372188	44.583103060	675.246	230.029	42.1874	0.1556	44.2812	0.9000	2.0938	2.8377	288.000	640.000	320.000	352.000	23.62	F
11	Spectrogram 1	1	47.118294753	49.839725181	652.986	230.029	47.4374	0.1163	49.5937	0.9186	2.1562	2.7214	272.000	624.000	304.000	352.000	22.38	F
12	Spectrogram 1	1	50.315497495	51.163831641	849.541	659.911	50.4687	0.1538	50.8749	0.6538	0.4062	0.8483	688.000	816.000	720.000	128.000	24.66	LS
13	Spectrogram 1	1	51.933133201	55.119765411	667.826	252.290	52.4374	0.1584	54.8749	0.9307	2.4375	3.1866	304.000	640.000	320.000	336.000	23.52	F
14	Spectrogram 1	1	57.457325071	60.457876568	704.928	244.870	57.8124	0.1158	60.1562	0.9053	2.3438	3.0006	288.000	624.000	304.000	336.000	22.36	F
15	Spectrogram 1	1	63.551468421	66.412459383	615.884	222.609	63.8749	0.1099	66.0937	0.8901	2.2188	2.8610	272.000	576.000	304.000	304.000	21.22	F
16	Spectrogram 1	1	72.134441306	74.576750664	652.986	192.928	72.4062	0.1039	74.3437	0.9091	1.9375	2.4423	224.000	592.000	240.000	368.000	20.72	F
17	Spectrogram 1	1	75.251293248	76.018876189	860.754	690.087	75.3749	0.1304	75.9062	0.8696	0.5312	0.7676	720.000	816.000	752.000	96.000	26.10	LS
262	Spectrogram 1	1	78.361426874	78.714129770	3034.688	644.741	78.3749	0.0000	78.6874	1.0000	0.3125	0.3527	688.000	2624.000	720.000	1936.000	12.91	break
18	Spectrogram 1	1	79.950780293	82.462869918	667.826	222.609	80.2499	0.1139	82.2812	0.9367	2.0312	2.5121	256.000	608.000	304.000	352.000	21.78	F
19	Spectrogram 1	1	83.114152413	83.951515621	853.333	704.928	83.3124	0.2308	83.8437	0.8846	0.5312	0.8374	736.000	832.000	752.000	96.000	28.79	LS
20	Spectrogram 1	1	87.254448276	90.348040129	1075.942	912.696	87.9999	0.2347	90.0937	0.9184	2.0938	3.0936	944.000	1040.000	960.000	96.000	23.44	L
21	Spectrogram 1	1	92.392712704	93.927878586	1083.362	883.014	92.6562	0.1667	93.8437	0.9583	1.1875	1.5352	928.000	1024.000	960.000	96.000	23.52	L
22	Spectrogram 1	1	95.998026518	98.324035430	1068.522	734.609	96.3437	0.1486	98.1562	0.9324	1.8125	2.3260	768.000	944.000	880.000	176.000	20.84	L
23	Spectrogram 1	1	100.184842559	102.185210224	1179.826	957.217	100.4687	0.1429	102.0937	0.9683	1.6250	2.0004	992.000	1088.000	1024.000	96.000	23.55	L
24	Spectrogram 1	1	103.322739322	105.741788591	1313.391	927.536	104.2499	0.3816	105.6249	0.9605	1.3750	2.4190	960.000	1120.000	1024.000	160.000	20.20	L
25	Spectrogram 1	1	107.904976879	110.324026148	1053.681	793.971	108.1249	0.0909	109.9374	0.8442	1.8125	2.4190	848.000	992.000	896.000	144.000	18.77	L
26	Spectrogram 1	1	112.673295149	114.650402724	1164.986	920.116	112.9374	0.1290	114.4999	0.9355	1.5625	1.9771	976.000	1104.000	1024.000	128.000	20.42	L
27	Spectrogram 1	1	116.508994586	119.695626795	1239.188	793.971	116.9687	0.1386	118.9687	0.7723	2.0000	3.1866	864.000	1056.000	1024.000	192.000	19.85	L
28	Spectrogram 1	1	120.463209736	123.487021322	675.246	252.290	120.9687	0.1667	123.3124	0.9479	2.3438	3.0238	304.000	640.000	320.000	336.000	21.64	F
29	Spectrogram 1	1	126.068891214	129.092702800	645.565	230.029	126.5312	0.1474	128.6874	0.8737	2.1562	3.0238	272.000	608.000	304.000	336.000	21.66	F
30	Spectrogram 1	1	131.945149302	134.364198571	638.145	192.928	132.1874	0.0921	134.0624	0.8816	1.8750	2.4190	224.000	608.000	240.000	384.000	20.15	F
31	Spectrogram 1	1	136.922808374	139.272077375	652.986	207.768	137.3437	0.1757	139.0312	0.9054	1.6875	2.3493	224.000	624.000	304.000	400.000	22.39	F
32	Spectrogram 1	1	140.621162544	142.900651278	652.986	163.246	140.8124	0.0833	142.6874	0.9167	1.8750	2.2795	192.000	624.000	304.000	432.000	22.70	F
33	Spectrogram 1	1	146.746682907	149.026171641	645.565	170.667	146.9687	0.0972	148.8749	0.9444	1.9062	2.2795	208.000	608.000	240.000	400.000	19.11	F
34	Spectrogram 1	1	154.243710446	156.709279893	779.130	200.348	154.6249	0.1538	156.4374	0.8974	1.8125	2.4656	240.000	592.000	304.000	352.000	21.48	F
35	Spectrogram 1	1	157.339293474	158.260341976	797.922	638.338	157.4062	0.0690	158.0937	0.8276	0.6875	0.9210	656.000	768.000	672.000	112.000	17.14	LS
36	Spectrogram 1	1	158.732907646	160.919356024	652.986	192.928	158.9999	0.1159	160.6874	0.8986	1.6875	2.1864	240.000	576.000	544.000	336.000	17.36	F
37	Spectrogram 1	1	162.058030704	164.895761577	645.565	178.087	162.3749	0.1111	164.4999	0.8667	2.1250	2.8377	224.000	576.000	304.000	352.000	20.06	F
263	Spectrogram 1	1	165.911602645	165.911602645	3408.422	78.580	165.9062	NaN	165.9062	NaN	0.0000	0.0000	80.000	800.000	80.000	720.000	22.84	break
39	Spectrogram 1	1	167.105470043	169.384958777	638.145	200.348	167.4062	0.1250	169.2187	0.9306	1.8125	2.2795	224.000	608.000	240.000	384.000	16.91	F
40	Spectrogram 1	1	168.454555212	169.082577618	742.029	586.203	168.5312	0.1053	168.9999	0.8947	0.4688	0.6280	624.000	720.000	704.000	96.000	22.96	LS
41	Spectrogram 1	1	170.696979321	174.465113759	1083.362	808.812	171.9374	0.3277	174.2187	0.9412	2.2812	3.7681	832.000	992.000	848.000	160.000	18.13	L
42	Spectrogram 1	1	175.209436611	176.744602493	1075.942	890.435	175.5937	0.2500	176.6249	0.9375	1.0312	1.5352	912.000	1040.000	960.000	128.000	19.09	L
43	Spectrogram 1	1	178.791490335	180.442956663	1053.681	779.130	178.9687	0.0962	180.3124	0.9231	1.3438	1.6515	832.000	1024.000	864.000	192.000	19.10	L
44	Spectrogram 1	1	183.308099495	185.541068051	1216.928	949.797	183.9687	0.2958	185.3749	0.9296	1.4062	2.2330	1008.000	1104.000	1040.000	96.000	20.71	L
45	Spectrogram 1	1	187.750776517	189.262682310	1098.203	883.014	187.9062	0.0851	188.9687	0.8085	1.0625	1.5119	960.000	1056.000	1024.000	96.000	23.81	L
46	Spectrogram 1	1	191.404667756	194.219138540	1194.667	808.812	191.5624	0.0556	193.7812	0.8444	2.2188	2.8145	864.000	1056.000	1024.000	192.000	19.41	L
47	Spectrogram 1	1	196.568407541	198.842674718	1246.609	949.797	196.9687	0.1690	198.6249	0.9155	1.6562	2.2743	1008.000	1072.000	1024.000	64.000	24.12	L
48	Spectrogram 1	1	200.896841365	204.525415267	1135.304	816.232	201.4374	0.1478	203.2812	0.6609	1.8438	3.6286	976.000	1056.000	1024.000	80.000	21.07	L
49	Spectrogram 1	1	205.369107667	208.485959609	719.768	237.449	205.6874	0.1010	208.2812	0.9394	2.5938	3.1169	320.000	624.000	336.000	304.000	21.87	F
50	Spectrogram 1	1	209.835044778	212.835596275	645.565	200.348	210.0624	0.0737	212.5937	0.9263	2.5312	3.0006	288.000	608.000	320.000	320.000	22.54	F
51	Spectrogram 1	1	215.557976315	218.512007633	660.406	244.870	216.1249	0.1915	218.3437	0.9468	2.2188	2.9540	288.000	608.000	320.000	320.000	21.94	F
52	Spectrogram 1	1	221.582339397	224.582890894	630.725	230.029	221.9999	0.1368	224.1562	0.8632	2.1562	3.0006	272.000	576.000	304.000	304.000	20.73	F
53	Spectrogram 1	1	225.568866544	228.848539110	697.507	140.986	225.9374	0.1058	228.2812	0.8269	2.3438	3.2797	208.000	624.000	288.000	416.000	18.50	F
54	Spectrogram 1	1	229.523081694	231.872350696	623.304	185.507	229.8124	0.1216	231.7187	0.9459	1.9062	2.3493	224.000	576.000	240.000	352.000	19.75	F
55	Spectrogram 1	1	232.491321194	233.491505027	972.058	697.507	232.6562	0.1613	233.2187	0.7419	0.5625	1.0002	720.000	816.000	720.000	96.000	20.24	LS
56	Spectrogram 1	1	235.924827760	237.878675246	593.623	192.928	236.1249	0.0968	237.5937	0.8548	1.4688	1.9538	240.000	576.000	544.000	336.000	18.93	F
57	Spectrogram 1	1	238.250836672	240.739666208	615.884	215.188	238.4374	0.0641	240.5312	0.9231	2.0938	2.4888	240.000	592.000	304.000	352.000	21.06	F
58	Spectrogram 1	1	241.336991699	242.406955799	912.696	712.348	241.4999	0.1471	242.2812	0.8824	0.7812	1.0700	736.000	848.000	768.000	112.000	19.78	LS
59	Spectrogram 1	1	243.903038328	246.229047240	608.464	192.928	243.9999	0.0405	245.9062	0.8649	1.9062	2.3260	224.000	576.000	240.000	352.000	19.26	F
264	Spectrogram 1	1	246.259591091	246.293868967	2347.588	137.516	246.2812	NaN	246.2812	NaN	0.0000	0.0343	144.000	848.000	144.000	704.000	18.44	break
60	Spectrogram 1	1	246.391867864	248.927217578	623.304	230.029	246.6874	0.1125	248.6874	0.9125	2.0000	2.5353	240.000	592.000	256.000	352.000	21.37	F
61	Spectrogram 1	1	249.966484763	251.176009397	972.058	682.667	250.1249	0.1316	250.8437	0.7368	0.7188	1.2095	704.000	864.000	720.000	160.000	23.44	LS
62	Spectrogram 1	1	253.967220092	257.200372480	1179.826	897.855	254.3124	0.1068	257.0312	0.9515	2.7188	3.2332	944.000	1056.000	976.000	112.000	20.57	L
63	Spectrogram 1	1	258.852787849	260.806635335	1239.188	875.594	259.5624	0.3607	260.7187	0.9672	1.1562	1.9538	896.000	1056.000	976.000	160.000	21.70	L
64	Spectrogram 1	1	262.830263089	264.784110575	1075.942	786.551	263.0937	0.1290	264.6249	0.9194	1.5312	1.9538	832.000	976.000	912.000	144.000	23.37	L
65	Spectrogram 1	1	267.342720378	269.273307775	1194.667	942.377	267.7499	0.2131	269.1562	0.9508	1.4062	1.9306	976.000	1152.000	992.000	176.000	21.12	L
66	Spectrogram 1	1	271.343455707	272.832101410	1075.942	949.797	271.5624	0.1489	272.7499	0.9574	1.1875	1.4886	976.000	1056.000	1040.000	80.000	25.89	L
67	Spectrogram 1	1	274.739428718	277.204998165	1090.783	793.971	274.9062	0.0641	276.9062	0.8846	2.0000	2.4656	832.000	992.000	896.000	160.000	22.34	L
68	Spectrogram 1	1	279.714872522	281.901320899	1157.565	972.058	279.8749	0.0725	281.8124	0.9710	1.9375	2.1864	1008.000	1104.000	1056.000	96.000	21.38	L
69	Spectrogram 1	1	283.878428474	286.902240060	1216.928	801.391	284.1249	0.0737	285.7499	0.6211	1.6250	3.0238	992.000	1072.000	1040.000	80.000	21.90	L
70	Spectrogram 1	1	289.109733258	291.063580744	1105.623	927.536	289.4374	0.1613	290.7812	0.8548	1.3438	1.9538	976.000	1072.000	992.000	96.000	22.40	L
71	Spectrogram 1	1	292.668526894	295.529517856	1068.522	756.870	293.0312	0.1222	294.4999	0.6444	1.4688	2.8610	880.000	1056.000	1040.000	176.000	21.78	L
72	Spectrogram 1	1	296.180800351	299.390692650	667.826	230.029	296.5624	0.1176	298.9374	0.8627	2.3750	3.2099	272.000	608.000	320.000	336.000	21.12	F
73	Spectrogram 1	1	301.739961651	304.856813593	667.826	252.290	302.1562	0.1313	304.4687	0.8788	2.3125	3.1169	288.000	624.000	320.000	336.000	22.24	F
74	Spectrogram 1	1	307.914328382	310.868359700	638.145	244.870	308.2187	0.0968	310.5624	0.9032	2.3438	2.9540	288.000	592.000	304.000	304.000	23.82	F
75	Spectrogram 1	1	315.846018772	318.078987328	630.725	207.768	316.0624	0.0857	317.7499	0.8571	1.6875	2.2330	240.000	592.000	240.000	352.000	19.60	F
76	Spectrogram 1	1	318.707009734	319.544372942	808.812	630.725	318.9999	0.3462	319.2812	0.6923	0.2812	0.8374	672.000	752.000	720.000	80.000	25.64	LS
77	Spectrogram 1	1	323.688782729	326.084571908	615.884	185.507	323.9687	0.1067	325.5624	0.7867	1.5938	2.3958	240.000	592.000	240.000	352.000	19.14	F
78	Spectrogram 1	1	331.434392406	333.830181585	764.290	207.768	331.7499	0.1316	333.5312	0.8816	1.7812	2.3958	240.000	592.000	240.000	352.000	20.33	F
79	Spectrogram 1	1	334.853625507	335.504908002	853.333	652.986	334.9999	0.2000	335.3124	0.7000	0.3125	0.6513	688.000	816.000	720.000	128.000	21.38	LS
265	Spectrogram 1	1	338.309083934	338.343361810	2995.875	206.273	338.3124	NaN	338.3124	NaN	0.0000	0.0343	208.000	848.000	656.000	640.000	15.65	break
80	Spectrogram 1	1	339.412602974	341.924692599	756.870	230.029	339.6562	0.0886	341.7187	0.9241	2.0625	2.5121	256.000	592.000	560.000	336.000	18.91	F
81	Spectrogram 1	1	343.037853975	344.363679055	979.478	734.609	343.1249	0.0488	344.0312	0.7561	0.9062	1.3258	768.000	864.000	784.000	96.000	22.46	LS
82	Spectrogram 1	1	347.038589303	350.295001780	1090.783	927.536	348.0937	0.3204	350.1562	0.9612	2.0625	3.2564	944.000	1056.000	1008.000	112.000	20.14	L
83	Spectrogram 1	1	352.365149712	353.900315594	1194.667	890.435	352.7187	0.2292	353.6562	0.8542	0.9375	1.5352	928.000	1008.000	944.000	80.000	23.70	L
84	Spectrogram 1	1	355.458741565	357.575409675	1083.362	786.551	355.8437	0.1791	357.0312	0.7463	1.1875	2.1167	864.000	960.000	896.000	96.000	24.00	L
85	Spectrogram 1	1	357.901050923	358.947754933	1083.362	779.130	358.0937	0.1818	358.8437	0.9091	0.7500	1.0467	816.000	992.000	928.000	176.000	18.98	L
86	Spectrogram 1	1	360.343360280	362.553068747	1150.145	949.797	360.6874	0.1571	362.4062	0.9429	1.7188	2.2097	976.000	1088.000	992.000	112.000	21.15	L
87	Spectrogram 1	1	364.348209532	365.953155681	1142.725	942.377	364.7499	0.2400	365.8749	0.9600	1.1250	1.6049	976.000	1072.000	1056.000	96.000	26.68	L
88	Spectrogram 1	1	367.720922455	369.628249762	1098.203	816.232	367.8437	0.0500	369.2499	0.8000	1.4062	1.9073	864.000	1072.000	880.000	208.000	24.08	L
89	Spectrogram 1	1	372.117079298	374.117446963	1120.464	949.797	372.3749	0.1270	373.9999	0.9524	1.6250	2.0004	992.000	1072.000	1072.000	80.000	22.49	L
90	Spectrogram 1	1	375.792173379	377.815801133	1098.203	912.696	376.0937	0.1406	377.6874	0.9375	1.5938	2.0236	960.000	1056.000	1008.000	96.000	20.94	L
91	Spectrogram 1	1	379.417424380	382.441235966	704.928	267.130	379.7812	0.1146	382.1249	0.8958	2.3438	3.0238	304.000	624.000	320.000	320.000	24.62	F
92	Spectrogram 1	1	385.255706749	388.046917444	638.145	230.029	385.5312	0.0909	387.6874	0.8750	2.1562	2.7912	272.000	608.000	320.000	336.000	23.94	F
93	Spectrogram 1	1	388.605159583	389.209921900	853.333	652.986	388.7812	0.2778	389.0624	0.7778	0.2812	0.6048	688.000	752.000	688.000	64.000	28.71	L
94	Spectrogram 1	1	390.326406177	393.071096694	652.986	259.710	390.6562	0.1149	392.8437	0.9195	2.1875	2.7447	288.000	592.000	320.000	304.000	23.67	F
95	Spectrogram 1	1	394.257361239	397.095092111	645.565	215.188	394.5624	0.1000	396.8124	0.9000	2.2500	2.8377	288.000	592.000	320.000	304.000	22.28	F
96	Spectrogram 1	1	400.211944054	402.886854302	764.290	237.449	400.5937	0.1412	402.5624	0.8824	1.9688	2.6749	304.000	576.000	320.000	272.000	22.91	F
97	Spectrogram 1	1	403.358366596	403.893348646	766.503	646.737	403.4687	0.1875	403.7812	0.8125	0.3125	0.5350	672.000	736.000	704.000	64.000	23.83	LS
98	Spectrogram 1	1	408.493484822	410.679933200	623.304	170.667	408.7499	0.1159	410.3124	0.8406	1.5625	2.1864	240.000	592.000	320.000	352.000	22.02	F
99	Spectrogram 1	1	411.633596854	412.331399527	823.652	630.725	411.7499	0.1429	412.1562	0.7619	0.4062	0.6978	704.000	784.000	736.000	80.000	25.35	LS
266	Spectrogram 1	1	414.859127808	414.961961436	3310.197	235.741	414.8749	0.0000	414.9374	1.0000	0.0625	0.1028	272.000	848.000	368.000	576.000	16.78	break
100	Spectrogram 1	1	416.632300746	418.725708767	756.870	200.348	416.8124	0.0758	418.4062	0.8485	1.5938	2.0934	240.000	608.000	544.000	368.000	21.43	F
101	Spectrogram 1	1	419.888713223	420.726076432	897.855	704.928	420.1249	0.2692	420.5624	0.8077	0.4375	0.8374	720.000	816.000	736.000	96.000	23.36	LS
102	Spectrogram 1	1	425.749148047	427.796035890	1090.783	875.594	426.0312	0.1385	427.5624	0.8923	1.5312	2.0469	928.000	1024.000	944.000	96.000	20.63	L
103	Spectrogram 1	1	429.882006514	431.393912307	1120.464	927.536	430.2499	0.2340	431.2499	0.9149	1.0000	1.5119	960.000	1040.000	976.000	80.000	20.45	L
104	Spectrogram 1	1	433.557100595	435.650508616	1001.739	823.652	433.6874	0.0606	434.9999	0.6970	1.3125	2.0934	864.000	976.000	960.000	112.000	24.25	L
105	Spectrogram 1	1	438.116078063	440.325786529	1172.406	964.638	438.3124	0.0857	440.1874	0.9429	1.8750	2.2097	976.000	1088.000	1008.000	112.000	20.69	L
106	Spectrogram 1	1	442.372674372	445.047584621	1157.565	771.710	442.8749	0.1882	444.7187	0.8824	1.8438	2.6749	912.000	1024.000	960.000	112.000	23.08	L
107	Spectrogram 1	1	448.344029493	450.437437513	1105.623	905.275	448.6249	0.1231	450.0937	0.8462	1.4688	2.0934	944.000	1040.000	960.000	96.000	22.42	L
108	Spectrogram 1	1	452.484325356	455.368576407	1068.522	831.072	452.6562	0.0549	454.9999	0.8791	2.3438	2.8843	880.000	1040.000	1024.000	160.000	19.04	L
109	Spectrogram 1	1	456.298979972	459.485612181	712.348	252.290	456.6874	0.1188	459.0937	0.8812	2.4062	3.1866	304.000	608.000	320.000	304.000	21.34	F
110	Spectrogram 1	1	461.834881182	465.161073927	660.406	237.449	462.2812	0.1321	464.5624	0.8208	2.2812	3.3262	288.000	592.000	320.000	304.000	21.36	F
111	Spectrogram 1	1	468.683790498	470.777198519	652.986	170.667	468.8749	0.0909	470.4374	0.8485	1.5625	2.0934	240.000	608.000	256.000	368.000	20.41	F
112	Spectrogram 1	1	471.771037336	472.585140455	838.363	694.643	471.9062	0.1600	472.2812	0.6400	0.3750	0.8141	736.000	816.000	784.000	80.000	21.05	LS
113	Spectrogram 1	1	475.871158036	478.266947216	652.986	163.246	476.1249	0.1053	477.9999	0.8947	1.8750	2.3958	208.000	608.000	256.000	400.000	22.10	F
114	Spectrogram 1	1	478.969971447	479.737554388	845.913	638.145	479.0624	0.0870	479.5312	0.7391	0.4688	0.7676	720.000	800.000	784.000	80.000	22.86	LS
115	Spectrogram 1	1	480.784258398	483.203307667	693.417	200.348	481.0624	0.1053	482.8749	0.8684	1.8125	2.4190	240.000	608.000	304.000	368.000	20.04	F
116	Spectrogram 1	1	483.924370429	484.808253816	823.652	675.246	484.0624	0.1481	484.6874	0.8889	0.6250	0.8839	720.000	800.000	784.000	80.000	21.42	LS
117	Spectrogram 1	1	485.898908275	488.827437568	797.922	172.883	486.4062	0.1720	488.4374	0.8710	2.0312	2.9285	272.000	608.000	304.000	336.000	20.24	F
118	Spectrogram 1	1	491.735641302	494.235641047	646.737	199.610	491.9999	0.1013	493.9999	0.9114	2.0000	2.5000	256.000	608.000	256.000	352.000	22.49	F
267	Spectrogram 1	1	498.520793363	498.589349115	2838.715	284.854	498.5312	0.0000	498.5624	1.0000	0.0312	0.0686	336.000	1728.000	672.000	1392.000	17.98	break
119	Spectrogram 1	1	499.318139657	501.851034136	638.752	199.610	499.5937	0.1000	501.5624	0.8875	1.9688	2.5329	240.000	608.000	256.000	368.000	20.65	F
120	Spectrogram 1	1	502.508928806	503.298402410	854.331	702.628	502.7187	0.2500	503.1249	0.7917	0.4062	0.7895	736.000	816.000	752.000	80.000	19.67	LS
121	Spectrogram 1	1	506.405666099	509.266657061	1069.910	806.425	506.7187	0.1099	508.9374	0.8901	2.2188	2.8610	832.000	992.000	832.000	160.000	17.75	L
122	Spectrogram 1	1	511.476365527	512.848710785	1061.926	902.238	511.6249	0.0930	512.7187	0.9070	1.0938	1.3723	944.000	1024.000	1008.000	80.000	19.77	L
123	Spectrogram 1	1	514.779298182	517.198347451	1061.926	782.472	515.0312	0.1039	516.8749	0.8701	1.8438	2.4190	816.000	976.000	848.000	160.000	15.47	L
124	Spectrogram 1	1	519.612017141	521.821725607	1237.583	902.238	519.9062	0.1286	521.6562	0.9286	1.7500	2.2097	976.000	1072.000	1008.000	96.000	19.56	L
125	Spectrogram 1	1	523.845353361	525.217698619	1197.661	958.129	524.0312	0.1190	525.0937	0.9286	1.0625	1.3723	976.000	1088.000	1008.000	112.000	20.25	L
126	Spectrogram 1	1	527.101765838	528.985833057	1053.942	798.441	527.2499	0.0678	528.7187	0.8644	1.4688	1.8841	848.000	1024.000	1008.000	176.000	15.94	L
127	Spectrogram 1	1	531.762169529	533.483416124	1125.801	950.144	532.0312	0.1481	533.3124	0.9074	1.2812	1.7212	992.000	1088.000	1008.000	96.000	20.53	L
128	Spectrogram 1	1	535.363283263	537.369862006	1253.552	966.113	535.6562	0.1429	537.1249	0.8889	1.4688	2.0066	992.000	1088.000	1024.000	96.000	25.27	L
129	Spectrogram 1	1	538.915914480	542.304072031	654.721	239.532	539.3437	0.1215	541.8437	0.8692	2.5000	3.3882	304.000	624.000	336.000	320.000	21.73	F
130	Spectrogram 1	1	543.455387703	546.152755850	670.690	215.579	543.8749	0.1529	545.8437	0.8941	1.9688	2.6974	272.000	528.000	304.000	256.000	22.94	F
276	Spectrogram 1	1	546.931949243	549.283046734	736.691	186.628	547.0624	0.0533	548.8749	0.8267	1.8125	2.3511	208.000	688.000	304.000	480.000	16.78	F
275	Spectrogram 1	1	551.367524922	554.057956071	775.981	166.983	551.7499	0.1412	553.8749	0.9412	2.1250	2.6904	192.000	688.000	208.000	496.000	16.87	F
274	Spectrogram 1	1	554.809337743	557.305863945	736.691	166.983	555.1874	0.1519	557.0312	0.8987	1.8438	2.4965	192.000	720.000	688.000	528.000	16.42	F
272	Spectrogram 1	1	560.553771819	562.929107428	825.094	166.983	560.5937	0.0133	562.7187	0.9200	2.1250	2.3753	192.000	688.000	304.000	496.000	15.72	F
273	Spectrogram 1	1	563.462346034	564.213727706	825.094	618.820	563.5624	0.1304	564.0312	0.7826	0.4688	0.7514	656.000	736.000	720.000	80.000	17.20	LS
271	Spectrogram 1	1	565.110538089	567.752493002	815.271	186.628	565.5624	0.1667	567.5312	0.9167	1.9688	2.6420	208.000	704.000	304.000	496.000	18.21	F
270	Spectrogram 1	1	567.994874186	568.818970214	815.271	608.998	568.1874	0.2308	568.5937	0.7308	0.4062	0.8241	656.000	720.000	688.000	64.000	20.36	LS
277	Spectrogram 1	1	569.449161294	572.212306799	756.336	147.338	570.0312	0.2069	572.0312	0.9425	2.0000	2.7631	192.000	704.000	304.000	512.000	16.62	F
278	Spectrogram 1	1	573.569641433	575.848024568	775.981	157.161	573.7812	0.0833	575.7499	0.9583	1.9688	2.2784	192.000	704.000	544.000	512.000	17.18	F
279	Spectrogram 1	1	576.720596833	578.998979968	746.513	137.516	576.8124	0.0282	578.6874	0.8732	1.8750	2.2784	176.000	704.000	352.000	528.000	16.89	F
280	Spectrogram 1	1	580.356314602	582.586221500	667.933	196.451	580.6249	0.1143	582.3437	0.9000	1.7188	2.2299	256.000	592.000	352.000	336.000	17.78	F
281	Spectrogram 1	1	583.361841291	584.331366030	785.803	687.578	583.5624	0.2000	583.9999	0.6667	0.4375	0.9695	720.000	768.000	736.000	48.000	22.82	LS
282	Spectrogram 1	1	585.155462057	587.773178851	658.110	206.273	585.6562	0.1928	587.5312	0.9157	1.8750	2.6177	224.000	608.000	240.000	384.000	17.27	F
283	Spectrogram 1	1	590.542373353	593.741804990	599.175	176.806	590.9999	0.1386	593.2499	0.8515	2.2500	3.1994	224.000	576.000	240.000	352.000	20.28	F
284	Spectrogram 1	1	593.984186175	595.099139624	775.981	638.465	594.2187	0.2000	594.6249	0.5714	0.4062	1.1150	672.000	752.000	752.000	80.000	15.81	LS
285	Spectrogram 1	1	596.165616837	599.025714815	618.820	157.161	596.4687	0.1000	598.5937	0.8556	2.1250	2.8601	208.000	576.000	240.000	368.000	14.54	F
286	Spectrogram 1	1	602.033544950	602.227449898	2976.230	422.369	602.0624	0.0000	602.2187	1.0000	0.1562	0.1939	480.000	1520.000	928.000	1040.000	17.75	break
268	Spectrogram 1	1	606.035547747	608.580550185	608.998	166.983	606.4374	0.1500	608.3749	0.9250	1.9375	2.5450	224.000	576.000	288.000	352.000	15.90	F
269	Spectrogram 1	1	608.338169001	609.453122450	785.803	540.240	608.4687	0.1143	609.3437	0.9143	0.8750	1.1150	560.000	704.000	688.000	144.000	19.42	LS
135	Spectrogram 1	1	610.145467021	611.983014061	1101.848	830.378	610.4687	0.1724	611.8749	0.9483	1.4062	1.8375	864.000	1040.000	880.000	176.000	16.45	L
136	Spectrogram 1	1	613.835094522	615.393520493	1045.957	870.300	614.1562	0.2041	615.2812	0.9388	1.1250	1.5584	912.000	1008.000	944.000	96.000	21.71	L
137	Spectrogram 1	1	617.393888157	619.557076445	1165.723	774.487	617.6874	0.1324	618.8749	0.6912	1.1875	2.1632	848.000	1008.000	896.000	160.000	21.14	L
138	Spectrogram 1	1	622.128526841	624.245194951	1109.832	830.378	622.3437	0.0909	624.0624	0.9242	1.7188	2.1167	880.000	1024.000	896.000	144.000	20.94	L
139	Spectrogram 1	1	626.478163507	627.594647784	1069.910	862.316	626.6562	0.1429	627.4999	0.9143	0.8438	1.1165	896.000	1024.000	992.000	128.000	24.17	L
140	Spectrogram 1	1	629.510179321	631.487286896	1085.879	806.425	629.7499	0.1129	630.9374	0.7258	1.1875	1.9771	880.000	1024.000	944.000	144.000	21.68	L
141	Spectrogram 1	1	633.993996372	635.924583769	1189.676	830.378	634.3437	0.1803	635.7812	0.9344	1.4375	1.9306	880.000	1072.000	896.000	192.000	19.37	L
142	Spectrogram 1	1	637.529529918	640.181180078	1101.848	806.425	637.9374	0.1548	639.4062	0.7143	1.4688	2.6517	864.000	1008.000	944.000	144.000	21.21	L
143	Spectrogram 1	1	641.071140479	644.211252510	742.550	199.610	641.5312	0.1414	643.7812	0.8687	2.2500	3.1401	240.000	624.000	288.000	384.000	20.06	F
144	Spectrogram 1	1	646.304660531	648.816750156	662.706	183.641	646.8124	0.2000	648.6249	0.9250	1.8125	2.5121	224.000	608.000	240.000	384.000	22.04	F
145	Spectrogram 1	1	649.351732205	650.026274790	822.394	662.706	649.4062	0.0500	649.8749	0.8000	0.4688	0.6745	688.000	800.000	720.000	112.000	22.27	LS
146	Spectrogram 1	1	651.119498979	654.073530297	654.721	199.610	651.7187	0.2021	653.7499	0.8936	2.0312	2.9540	272.000	608.000	304.000	336.000	21.76	F
147	Spectrogram 1	1	655.190014575	658.074265625	646.737	167.673	655.9062	0.2418	657.7187	0.8791	1.8125	2.8843	224.000	608.000	304.000	384.000	20.94	F
148	Spectrogram 1	1	659.657351567	662.604855603	591.644	215.579	660.1874	0.1720	662.2187	0.8710	2.0312	2.9475	272.000	560.000	352.000	288.000	20.28	F
149	Spectrogram 1	1	665.086690103	667.331875251	606.815	175.657	665.4374	0.1549	667.2187	0.9577	1.7812	2.2452	224.000	576.000	352.000	352.000	17.58	F
150	Spectrogram 1	1	668.145978371	668.936821401	782.472	662.706	668.3124	0.2083	668.8124	0.8750	0.5000	0.7908	720.000	752.000	736.000	32.000	24.09	LS
151	Spectrogram 1	1	670.099825857	672.146713699	614.799	191.626	670.2812	0.0781	671.9999	0.9375	1.7188	2.0469	224.000	592.000	224.000	368.000	17.65	F
152	Spectrogram 1	1	673.402758512	675.589206889	694.643	191.626	673.6249	0.1014	675.4062	0.9275	1.7812	2.1864	224.000	592.000	224.000	368.000	17.65	F
153	Spectrogram 1	1	678.757800567	681.130329657	566.893	175.657	678.9687	0.0800	680.9999	0.9467	2.0312	2.3725	224.000	560.000	512.000	336.000	16.93	F
287	Spectrogram 1	1	737.525621283	737.936955794	2210.072	157.161	737.5312	0.0000	737.9062	1.0000	0.3750	0.4113	176.000	864.000	352.000	688.000	17.78	break
290	Spectrogram 1	1	786.571105805	789.176224370	717.046	206.273	787.0937	0.1951	789.0312	0.9512	1.9375	2.6051	240.000	592.000	256.000	352.000	17.59	F
164	Spectrogram 1	1	789.783492276	790.713895841	822.394	694.643	789.9687	0.1786	790.4062	0.6786	0.4375	0.9304	720.000	768.000	736.000	48.000	21.08	LS
165	Spectrogram 1	1	791.318658158	792.179281456	814.409	702.628	791.4687	0.1538	792.0624	0.8846	0.5938	0.8606	736.000	768.000	752.000	32.000	25.19	L
166	Spectrogram 1	1	795.260214926	796.748860630	958.129	790.456	795.3749	0.0652	796.5937	0.9130	1.2188	1.4886	832.000	944.000	880.000	112.000	19.88	L
167	Spectrogram 1	1	798.877079488	800.365725192	1093.864	822.394	799.1249	0.1522	800.2187	0.9130	1.0938	1.4886	832.000	944.000	848.000	112.000	22.05	L
168	Spectrogram 1	1	802.598693748	804.994482927	990.066	758.519	802.7499	0.0533	804.5312	0.8133	1.7812	2.3958	816.000	944.000	864.000	128.000	20.64	L
169	Spectrogram 1	1	807.412475638	809.484843848	1173.708	902.238	807.6249	0.0923	809.3749	0.9538	1.7500	2.0724	944.000	1104.000	1088.000	160.000	20.14	L
170	Spectrogram 1	1	811.415538076	813.060274751	1069.910	838.363	811.9687	0.3333	812.9062	0.9216	0.9375	1.6447	896.000	992.000	960.000	96.000	22.97	L
171	Spectrogram 1	1	815.193906880	816.937327755	1029.988	830.378	815.3124	0.0556	816.5624	0.7963	1.2500	1.7434	864.000	960.000	912.000	96.000	25.20	L
172	Spectrogram 1	1	819.437327501	821.378116777	1133.786	894.253	819.6249	0.0968	821.0624	0.8387	1.4375	1.9408	928.000	1088.000	976.000	160.000	22.31	L
173	Spectrogram 1	1	823.286011320	826.476800469	1117.817	782.472	823.7812	0.1485	825.7187	0.7624	1.9375	3.1908	896.000	1072.000	1072.000	176.000	23.06	L
174	Spectrogram 1	1	827.308614013	830.146344886	822.425	153.197	827.8124	0.1778	829.7499	0.8667	1.9375	2.8377	208.000	640.000	240.000	432.000	18.50	F
175	Spectrogram 1	1	831.218365661	833.753715375	677.291	161.260	831.5937	0.1481	833.3124	0.8272	1.7188	2.5353	208.000	656.000	240.000	448.000	19.75	F
176	Spectrogram 1	1	836.590045038	839.145852421	691.532	146.286	836.8437	0.0988	838.9062	0.9136	2.0625	2.5558	192.000	592.000	240.000	400.000	20.96	F
177	Spectrogram 1	1	839.731558279	840.450379106	930.909	691.532	839.9062	0.2273	840.2812	0.7727	0.3750	0.7188	768.000	816.000	800.000	48.000	25.94	LS
178	Spectrogram 1	1	841.621790823	844.097729225	678.234	159.584	841.8749	0.1013	843.8437	0.8987	1.9688	2.4759	192.000	640.000	240.000	448.000	19.42	F
179	Spectrogram 1	1	845.242517949	847.478849409	704.831	146.286	845.5624	0.1408	847.3437	0.9437	1.7812	2.2363	176.000	640.000	240.000	464.000	20.42	F
180	Spectrogram 1	1	850.152521642	852.521968070	691.532	159.584	850.4062	0.1067	852.3749	0.9467	1.9688	2.3694	192.000	640.000	240.000	448.000	18.57	F
181	Spectrogram 1	1	853.214165902	853.959609722	877.714	664.935	853.4062	0.2609	853.8437	0.8696	0.4375	0.7454	704.000	784.000	736.000	80.000	23.79	LS
291	Spectrogram 1	1	855.960929886	856.235152893	3133.391	166.983	855.9687	0.0000	856.2187	1.0000	0.2500	0.2742	176.000	624.000	304.000	448.000	16.60	break
182	Spectrogram 1	1	857.442763429	859.785586864	704.831	199.481	857.7187	0.1081	859.5624	0.9054	1.8438	2.3428	224.000	624.000	240.000	400.000	19.80	F
183	Spectrogram 1	1	860.530239426	862.306555035	987.573	728.538	860.6562	0.0714	861.7499	0.6964	1.0938	1.7763	768.000	912.000	784.000	144.000	20.59	L
184	Spectrogram 1	1	864.335896628	866.871246342	1269.520	846.347	864.9999	0.2625	866.6874	0.9375	1.6875	2.5353	896.000	1040.000	976.000	144.000	18.97	L
185	Spectrogram 1	1	868.522712670	870.150918908	1429.333	894.253	868.9687	0.2745	870.0312	0.9412	1.0625	1.6282	928.000	1056.000	960.000	128.000	17.74	L
186	Spectrogram 1	1	872.342588843	874.715117933	1022.004	774.487	872.4999	0.0667	874.2812	0.8267	1.7812	2.3725	832.000	976.000	960.000	144.000	21.45	L
187	Spectrogram 1	1	877.041126845	879.134534866	1341.380	966.113	877.5312	0.2273	879.0312	0.9545	1.5000	2.0934	1008.000	1088.000	1024.000	80.000	24.69	L
188	Spectrogram 1	1	881.065122263	882.670068412	1189.676	934.175	881.4062	0.2000	882.4374	0.8600	1.0312	1.6049	960.000	1040.000	1024.000	80.000	27.21	L
189	Spectrogram 1	1	884.716956255	886.740584008	1189.676	798.441	884.9374	0.1094	886.4062	0.8438	1.4688	2.0236	864.000	1024.000	960.000	160.000	24.32	L
190	Spectrogram 1	1	889.243021540	891.173608937	1237.583	934.175	889.6562	0.2131	890.9999	0.9180	1.3438	1.9306	992.000	1120.000	1008.000	128.000	24.08	L
191	Spectrogram 1	1	893.034416066	897.058411484	1101.848	782.472	893.4999	0.1102	896.0312	0.7480	2.5312	4.0240	928.000	1072.000	992.000	144.000	24.94	L
192	Spectrogram 1	1	899.035519059	901.315007793	1301.458	942.160	899.4062	0.1528	900.9374	0.8333	1.5312	2.2795	992.000	1072.000	1024.000	80.000	26.27	L
193	Spectrogram 1	1	902.710613140	906.385707221	1229.598	798.441	903.0937	0.1026	905.1874	0.6752	2.0938	3.6751	880.000	1024.000	944.000	144.000	25.95	L
194	Spectrogram 1	1	906.997748343	909.765698948	670.690	199.610	907.3749	0.1364	909.4687	0.8977	2.0938	2.7680	256.000	640.000	272.000	384.000	22.07	F
195	Spectrogram 1	1	910.882183226	913.510573297	718.596	183.641	911.2187	0.1205	912.7499	0.7108	1.5312	2.6284	224.000	688.000	656.000	464.000	20.72	F
196	Spectrogram 1	1	914.510757129	916.697205506	726.581	167.673	914.8124	0.1304	916.2812	0.8116	1.4688	2.1864	224.000	672.000	656.000	448.000	20.22	F
197	Spectrogram 1	1	919.767537270	922.442447519	686.659	167.673	920.0624	0.1059	921.8124	0.7647	1.7500	2.6749	208.000	656.000	640.000	448.000	20.75	F
198	Spectrogram 1	1	922.907649301	923.675232242	910.222	734.565	922.9999	0.0870	923.2812	0.4783	0.2812	0.7676	768.000	832.000	768.000	64.000	24.71	LS
199	Spectrogram 1	1	924.634117453	927.006646544	662.706	151.704	924.8124	0.0667	926.6249	0.8400	1.8125	2.3725	208.000	624.000	272.000	416.000	19.50	F
200	Spectrogram 1	1	928.239431267	930.728260803	718.596	175.657	928.5312	0.1139	930.2187	0.7975	1.6875	2.4888	208.000	672.000	656.000	464.000	22.59	F
201	Spectrogram 1	1	934.185469623	936.557998713	646.737	167.673	934.4062	0.0933	936.1562	0.8400	1.7500	2.3725	224.000	608.000	272.000	384.000	19.49	F
202	Spectrogram 1	1	937.069720673	938.186204951	870.300	638.752	937.2499	0.1471	937.7499	0.6176	0.5000	1.1165	672.000	816.000	688.000	144.000	24.91	LS
203	Spectrogram 1	1	941.628698141	944.094267588	654.721	191.626	941.8749	0.0897	943.5937	0.7949	1.7188	2.4656	224.000	608.000	272.000	384.000	20.32	F
204	Spectrogram 1	1	944.675769816	945.582913291	886.269	678.674	944.8124	0.1429	945.3124	0.7143	0.5000	0.9071	736.000	832.000	816.000	96.000	24.25	LS
292	Spectrogram 1	1	947.444627386	947.513183138	2868.182	196.451	947.4687	0.0000	947.4999	1.0000	0.0312	0.0686	256.000	976.000	656.000	720.000	17.07	break
205	Spectrogram 1	1	948.714480863	951.203310399	782.472	199.610	948.9999	0.1139	950.9374	0.8987	1.9375	2.4888	240.000	640.000	272.000	400.000	21.40	F
206	Spectrogram 1	1	951.994153429	953.366498687	934.175	694.643	952.1249	0.0930	952.8437	0.6279	0.7188	1.3723	752.000	880.000	816.000	128.000	25.86	LS
207	Spectrogram 1	1	955.687127450	957.896835917	1253.552	918.207	956.1249	0.2000	957.4999	0.8286	1.3750	2.2097	944.000	1072.000	960.000	128.000	24.30	L
208	Spectrogram 1	1	959.641342601	961.316069017	1101.848	870.300	959.9062	0.1509	961.0624	0.8491	1.1562	1.6747	912.000	1040.000	960.000	128.000	25.94	L
209	Spectrogram 1	1	963.432737127	966.921750495	1101.848	790.456	963.6562	0.0631	965.7499	0.6667	2.0938	3.4890	880.000	1008.000	944.000	128.000	26.62	L
210	Spectrogram 1	1	969.200131595	971.293539616	1221.614	950.144	969.5937	0.1818	971.1562	0.9394	1.5625	2.0934	992.000	1120.000	1008.000	128.000	24.67	L
211	Spectrogram 1	1	973.433467815	977.201602252	1317.427	798.441	973.7812	0.0917	976.1249	0.7167	2.3438	3.7681	944.000	1072.000	1008.000	128.000	24.84	L
212	Spectrogram 1	1	979.655462358	981.260408508	1245.567	990.066	979.8749	0.1373	981.1249	0.9216	1.2500	1.6049	1008.000	1152.000	1024.000	144.000	22.53	L
213	Spectrogram 1	1	983.539897242	985.051803034	1189.676	966.113	983.9062	0.2340	984.8749	0.8936	0.9688	1.5119	1008.000	1104.000	1024.000	96.000	25.26	L
214	Spectrogram 1	1	986.935870253	989.517740145	1109.832	806.425	987.1249	0.0732	988.6874	0.6829	1.5625	2.5819	928.000	1040.000	1008.000	112.000	26.41	L
215	Spectrogram 1	1	991.820488968	994.053457524	1261.536	910.222	992.2499	0.1857	993.5312	0.7714	1.2812	2.2330	976.000	1088.000	1008.000	112.000	23.90	L
216	Spectrogram 1	1	995.629763435	998.886175912	1237.583	790.456	995.9687	0.0971	997.9999	0.7282	2.0312	3.2564	912.000	1072.000	1008.000	160.000	25.37	L
217	Spectrogram 1	1	999.863099655	1003.003211686	670.690	255.501	1000.1249	0.0800	1002.6249	0.8800	2.5000	3.1401	304.000	624.000	352.000	320.000	25.14	F
218	Spectrogram 1	1	1005.636823314	1008.451294097	662.706	199.610	1005.9999	0.1236	1008.1249	0.8876	2.1250	2.8145	256.000	640.000	272.000	384.000	24.62	F
219	Spectrogram 1	1	1009.591038464	1011.824007020	670.690	183.641	1009.8749	0.1268	1011.4687	0.8451	1.5938	2.2330	240.000	640.000	272.000	400.000	25.24	F
220	Spectrogram 1	1	1013.359172902	1015.685181814	670.690	167.673	1013.5312	0.0685	1015.2187	0.8082	1.6875	2.3260	224.000	640.000	592.000	416.000	23.84	F
221	Spectrogram 1	1	1019.866617706	1022.518267866	662.706	183.641	1020.0624	0.0714	1022.0312	0.8214	1.9688	2.6517	224.000	624.000	592.000	400.000	22.82	F
222	Spectrogram 1	1	1027.192437574	1029.425406129	774.487	175.657	1027.3749	0.0714	1029.0624	0.8429	1.6875	2.2330	240.000	624.000	592.000	384.000	20.33	F
223	Spectrogram 1	1	1030.286029427	1031.030352279	806.425	654.721	1030.4687	0.2273	1030.8437	0.7727	0.3750	0.7443	704.000	768.000	720.000	64.000	26.36	LS
293	Spectrogram 1	1	1033.608450859	1033.814118114	3251.261	147.338	1033.6249	0.0000	1033.8124	1.0000	0.1875	0.2057	160.000	704.000	208.000	544.000	18.44	break
224	Spectrogram 1	1	1035.145180210	1037.913130815	726.581	207.595	1035.5312	0.1364	1037.5937	0.8864	2.0625	2.7680	240.000	640.000	592.000	400.000	22.21	F
225	Spectrogram 1	1	1039.006355004	1040.308919994	1014.019	686.659	1039.0937	0.0500	1039.9687	0.7500	0.8750	1.3026	720.000	864.000	800.000	144.000	23.13	LS
226	Spectrogram 1	1	1042.774489441	1046.147202364	1277.505	918.207	1044.1562	0.4112	1045.8124	0.9065	1.6562	3.3727	944.000	1040.000	976.000	96.000	24.31	L
227	Spectrogram 1	1	1048.155955895	1049.667861688	1117.817	870.300	1048.3124	0.1042	1049.4999	0.8958	1.1875	1.5119	912.000	1024.000	960.000	112.000	24.01	L
228	Spectrogram 1	1	1051.854310065	1054.203579067	1093.864	790.456	1052.0937	0.0946	1053.6562	0.7703	1.5625	2.3493	848.000	1008.000	976.000	160.000	27.53	L
229	Spectrogram 1	1	1056.645888424	1059.088197782	1389.287	974.097	1057.3124	0.2727	1058.7499	0.8701	1.4375	2.4423	1008.000	1120.000	1024.000	112.000	23.84	L
230	Spectrogram 1	1	1061.159294756	1062.717720727	1205.645	950.144	1061.4687	0.1875	1062.5312	0.8958	1.0625	1.5584	1008.000	1072.000	1024.000	64.000	26.40	L
231	Spectrogram 1	1	1064.787868658	1066.834756501	1085.879	798.441	1064.9687	0.0781	1066.4374	0.8125	1.4688	2.0469	864.000	1008.000	912.000	144.000	27.54	L
232	Spectrogram 1	1	1069.184025502	1071.323953701	1245.567	942.160	1069.5312	0.1618	1071.1874	0.9412	1.6562	2.1399	1008.000	1120.000	1040.000	112.000	24.48	L
233	Spectrogram 1	1	1073.324321365	1076.720294377	1173.708	838.363	1073.7187	0.1111	1075.6874	0.6944	1.9688	3.3960	896.000	1056.000	1024.000	160.000	26.67	L
234	Spectrogram 1	1	1079.011333859	1081.267562504	1213.630	966.113	1079.4374	0.1831	1081.0937	0.9296	1.6562	2.2562	992.000	1088.000	1024.000	96.000	28.16	L
235	Spectrogram 1	1	1083.090235323	1086.462948245	1125.801	806.425	1083.4374	0.1028	1085.5624	0.7383	2.1250	3.3727	848.000	1040.000	1024.000	192.000	28.93	L
236	Spectrogram 1	1	1087.346831632	1090.370643217	694.643	231.548	1087.6874	0.1053	1089.9999	0.8842	2.3125	3.0238	288.000	672.000	352.000	384.000	24.84	F
237	Spectrogram 1	1	1093.254894268	1096.325226032	678.674	223.563	1093.6874	0.1340	1095.9062	0.8660	2.2188	3.0703	256.000	640.000	320.000	384.000	24.03	F
238	Spectrogram 1	1	1100.131336188	1102.666685903	630.768	159.688	1100.3124	0.0625	1102.1562	0.8000	1.8438	2.5353	224.000	608.000	560.000	384.000	19.95	F
239	Spectrogram 1	1	1103.248188131	1104.225111874	918.207	678.674	1103.3437	0.0968	1103.8749	0.6452	0.5312	0.9769	720.000	848.000	736.000	128.000	24.74	LS
240	Spectrogram 1	1	1107.964606073	1110.546475965	630.768	183.641	1108.2812	0.1220	1109.9062	0.7561	1.6250	2.5819	240.000	592.000	576.000	352.000	21.46	F
241	Spectrogram 1	1	1111.058197926	1111.895561134	886.269	734.565	1111.1562	0.1154	1111.7499	0.8462	0.5938	0.8374	768.000	832.000	816.000	64.000	26.80	LS
242	Spectrogram 1	1	1115.384574502	1118.106004929	718.596	191.626	1115.6249	0.0814	1117.6249	0.8256	2.0000	2.7214	240.000	640.000	576.000	400.000	22.16	F
243	Spectrogram 1	1	1118.640986979	1119.594650633	910.222	686.659	1118.8124	0.1667	1119.3749	0.7667	0.5625	0.9537	752.000	848.000	800.000	96.000	29.46	LS
294	Spectrogram 1	1	1121.323137243	1121.391692995	3064.633	196.451	1121.3437	0.0000	1121.3749	1.0000	0.0312	0.0686	208.000	1120.000	320.000	912.000	15.85	break
244	Spectrogram 1	1	1123.161829564	1125.720439368	638.752	199.610	1123.4374	0.0988	1125.4062	0.8765	1.9688	2.5586	240.000	608.000	256.000	368.000	21.17	F
245	Spectrogram 1	1	1126.418242041	1127.953407923	886.269	702.628	1126.5312	0.0625	1127.5312	0.7292	1.0000	1.5352	752.000	864.000	800.000	112.000	29.02	LS
246	Spectrogram 1	1	1130.535277816	1132.954327084	1141.770	862.316	1130.8749	0.1316	1132.7499	0.9211	1.8750	2.4190	912.000	1040.000	960.000	128.000	25.50	L
247	Spectrogram 1	1	1135.068779926	1136.557425630	1205.645	934.175	1135.3437	0.1739	1136.4062	0.9130	1.0625	1.4886	976.000	1072.000	976.000	96.000	25.11	L
248	Spectrogram 1	1	1138.743874007	1140.953582473	1101.848	782.472	1138.9999	0.1143	1140.5937	0.8429	1.5938	2.2097	848.000	992.000	864.000	144.000	24.54	L
249	Spectrogram 1	1	1143.814573435	1145.745160832	1173.708	942.160	1144.2187	0.2000	1145.5312	0.9000	1.3125	1.9306	992.000	1088.000	992.000	96.000	25.33	L
250	Spectrogram 1	1	1147.745528496	1151.281062043	1109.832	790.456	1148.1249	0.1071	1150.3437	0.7411	2.2188	3.5355	864.000	1040.000	992.000	176.000	25.11	L
251	Spectrogram 1	1	1153.823690561	1155.731017869	1237.583	934.175	1154.0624	0.1167	1155.5937	0.9333	1.5312	1.9073	976.000	1104.000	992.000	128.000	24.46	L
252	Spectrogram 1	1	1157.917466246	1161.662340595	1261.536	806.425	1158.3437	0.1092	1160.7499	0.7563	2.4062	3.7449	896.000	1088.000	992.000	192.000	25.90	L
253	Spectrogram 1	1	1162.453183625	1165.686336013	686.659	255.501	1162.7812	0.0980	1165.2812	0.8824	2.5000	3.2332	320.000	656.000	352.000	336.000	22.78	F
254	Spectrogram 1	1	1167.827213254	1170.920805107	638.752	215.579	1168.1874	0.1122	1170.6249	0.9082	2.4375	3.0936	288.000	592.000	320.000	304.000	22.78	F
255	Spectrogram 1	1	1172.990953038	1176.107804981	646.737	191.626	1173.5312	0.1717	1175.7499	0.8889	2.2188	3.1169	272.000	592.000	320.000	320.000	21.95	F
256	Spectrogram 1	1	1180.178320577	1182.667150112	678.674	183.641	1180.3749	0.0759	1182.1249	0.7848	1.7500	2.4888	240.000	640.000	320.000	400.000	21.05	F
257	Spectrogram 1	1	1183.341692697	1183.946455014	830.378	662.706	1183.4374	0.1579	1183.8437	0.8421	0.4062	0.6048	704.000	752.000	736.000	48.000	35.67	LS
258	Spectrogram 1	1	1187.887853190	1190.237122191	766.503	207.595	1188.1562	0.1081	1190.1249	0.9595	1.9688	2.3493	240.000	624.000	256.000	384.000	21.45	F
259	Spectrogram 1	1	1191.097745489	1191.795548162	870.300	670.690	1191.2812	0.2381	1191.6249	0.7619	0.3438	0.6978	720.000	784.000	736.000	64.000	23.86	LS
260	Spectrogram 1	1	1195.493902332	1198.238592848	726.581	215.579	1195.8124	0.1149	1197.9374	0.8966	2.1250	2.7447	256.000	656.000	320.000	400.000	21.74	F
261	Spectrogram 1	1	1198.959655611	1199.913319265	942.160	694.643	1199.0937	0.1333	1199.6249	0.7000	0.5312	0.9537	720.000	832.000	752.000	112.000	28.00	LS
