Selection	View	Channel	Begin Time (s)	End Time (s)	High Freq (Hz)	Low Freq (Hz)	Time 5% (s)	Time 5% Rel.	Time 95% (s)	Time 95% Rel.	Dur 90% (s)	Delta Time (s)	Freq 5% (Hz)	Freq 95% (Hz)	Peak Freq (Hz)	BW 90% (Hz)	SNR NIST Quick (dB)	QualName
1	Spectrogram 1	1	0.128616823	1.843507791	2381.748	720.980	0.4999	0.2075	1.2499	0.6604	0.7500	1.7149	832.000	1776.000	896.000	944.000	20.60	L
2	Spectrogram 1	1	2.714669268	3.926575191	1802.579	1125.554	2.9687	0.2105	3.5937	0.7368	0.6250	1.2119	1216.000	1552.000	1232.000	336.000	19.60	R
3	Spectrogram 1	1	4.653718745	7.288286615	2639.644	825.469	5.1874	0.2024	6.2187	0.5952	1.0312	2.6346	896.000	1376.000	1008.000	480.000	18.48	L
4	Spectrogram 1	1	8.628770172	10.986251781	2055.585	738.300	8.9999	0.1486	10.7187	0.8919	1.7188	2.3575	912.000	1584.000	928.000	672.000	19.76	L
5	Spectrogram 1	1	12.004236778	15.005295972	2199.704	748.400	12.4374	0.1368	14.2499	0.7474	1.8125	3.0011	816.000	1392.000	848.000	576.000	20.08	L
6	Spectrogram 1	1	15.816215642	16.902957511	1513.300	930.400	15.9999	0.1515	16.6249	0.7576	0.6250	1.0867	1040.000	1296.000	1056.000	256.000	20.56	R
7	Spectrogram 1	1	17.699901548	19.631887092	1653.570	697.800	17.8749	0.0820	19.2812	0.8197	1.4062	1.9320	848.000	1280.000	976.000	432.000	21.49	L
8	Spectrogram 1	1	20.650876929	23.034225224	1592.889	596.700	21.1249	0.1974	22.5312	0.7895	1.4062	2.3833	784.000	1024.000	832.000	240.000	22.08	L
9	Spectrogram 1	1	24.423306817	26.095325511	1623.230	637.200	24.7499	0.1887	25.5624	0.6792	0.8125	1.6720	720.000	1264.000	736.000	544.000	23.73	L
10	Spectrogram 1	1	26.705806303	29.000922119	748.400	232.600	26.9062	0.0822	28.5937	0.8219	1.6875	2.2951	304.000	672.000	368.000	368.000	25.43	F
11	Spectrogram 1	1	29.796983174	30.908877522	970.900	575.054	29.9687	0.1429	30.4374	0.5714	0.4688	1.1119	704.000	864.000	736.000	160.000	27.50	LS
12	Spectrogram 1	1	31.567989388	33.757553540	655.764	141.600	31.9999	0.1884	33.3749	0.8261	1.3750	2.1896	256.000	560.000	272.000	304.000	25.28	F
13	Spectrogram 1	1	35.077019287	37.187785301	667.500	111.200	35.2187	0.0597	36.6249	0.7313	1.4062	2.1108	240.000	624.000	272.000	384.000	24.68	F
14	Spectrogram 1	1	40.448654275	42.842271053	799.000	222.500	41.0624	0.2533	42.5937	0.9067	1.5312	2.3936	256.000	640.000	320.000	384.000	22.87	F
15	Spectrogram 1	1	43.867553514	44.993057143	950.700	625.498	44.0624	0.1714	44.5312	0.6000	0.4688	1.1255	688.000	864.000	784.000	176.000	30.54	LS
16	Spectrogram 1	1	45.799539059	48.011095689	788.900	202.300	46.0624	0.1143	47.1249	0.6000	1.0625	2.2116	320.000	608.000	592.000	288.000	23.80	F
17	Spectrogram 1	1	48.683412823	49.745600600	890.000	546.100	48.9062	0.2121	49.3749	0.6667	0.4688	1.0622	688.000	848.000	720.000	160.000	29.41	LS
18	Spectrogram 1	1	50.612853056	52.555498557	716.296	181.596	50.8124	0.0984	52.1249	0.7869	1.3125	1.9426	256.000	608.000	320.000	352.000	25.09	F
19	Spectrogram 1	1	53.179920325	54.116552977	988.690	576.500	53.3124	0.1379	53.6249	0.4828	0.3125	0.9366	688.000	816.000	720.000	128.000	23.63	LS
20	Spectrogram 1	1	54.602214352	56.648930148	718.100	131.500	54.9374	0.1562	56.0937	0.7344	1.1562	2.0467	256.000	576.000	512.000	320.000	25.04	F
21	Spectrogram 1	1	60.048559774	61.852444882	657.400	161.800	60.2499	0.1053	61.4062	0.7544	1.1562	1.8039	272.000	608.000	560.000	336.000	23.48	F
22	Spectrogram 1	1	62.546246587	63.968540614	1031.600	536.000	63.0937	0.3864	63.6249	0.7727	0.5312	1.4223	624.000	896.000	656.000	272.000	26.37	LS
23	Spectrogram 1	1	64.658083120	66.590068665	667.500	131.500	64.9999	0.1667	66.2812	0.8500	1.2812	1.9320	208.000	640.000	496.000	432.000	25.34	F
24	Spectrogram 1	1	70.937036140	72.748272587	887.803	201.773	71.2499	0.1754	72.3749	0.8070	1.1250	1.8112	256.000	704.000	320.000	448.000	20.41	F
25	Spectrogram 1	1	74.167429494	75.114954879	819.200	566.400	74.3437	0.1724	74.7499	0.6207	0.4062	0.9475	688.000	736.000	736.000	48.000	21.06	LS
26	Spectrogram 1	1	75.935149711	77.842985437	728.200	151.700	76.3124	0.2000	77.3124	0.7333	1.0000	1.9078	256.000	640.000	576.000	384.000	23.76	F
27	Spectrogram 1	1	79.323737338	80.342266978	869.800	423.724	79.4687	0.1290	80.0624	0.7419	0.5938	1.0185	528.000	736.000	720.000	208.000	26.65	LS
28	Spectrogram 1	1	80.941775231	82.874644149	837.360	171.507	81.2812	0.1667	82.3124	0.7167	1.0312	1.9329	240.000	784.000	672.000	544.000	22.63	F
29	Spectrogram 1	1	83.603136212	84.435698569	849.500	536.000	83.7812	0.2000	84.0937	0.6000	0.3125	0.8326	672.000	736.000	688.000	64.000	22.68	LS
30	Spectrogram 1	1	85.095544152	86.786031503	809.100	121.400	85.2812	0.0943	86.4687	0.8113	1.1875	1.6905	208.000	640.000	512.000	432.000	22.45	F
31	Spectrogram 1	1	87.800638098	89.639213304	768.600	111.200	88.0937	0.1552	89.3124	0.8276	1.2188	1.8386	208.000	592.000	496.000	384.000	22.20	F
32	Spectrogram 1	1	90.159564777	91.269647920	960.800	596.700	90.4374	0.2353	90.8124	0.5882	0.3750	1.1101	720.000	832.000	736.000	112.000	28.52	LS
33	Spectrogram 1	1	91.755309296	93.593884502	748.400	121.400	92.0937	0.1724	93.2187	0.7931	1.1250	1.8386	208.000	704.000	576.000	496.000	22.68	F
34	Spectrogram 1	1	99.005539566	101.711367228	718.100	141.600	99.4999	0.1765	100.8124	0.6706	1.3125	2.7058	256.000	608.000	560.000	352.000	18.89	F
35	Spectrogram 1	1	105.839488917	108.267795793	677.600	171.900	106.2812	0.1818	107.6874	0.7662	1.4062	2.4283	272.000	640.000	288.000	368.000	23.03	F
36	Spectrogram 1	1	108.614696775	109.794160115	819.200	536.000	108.9687	0.2973	109.3437	0.6216	0.3750	1.1795	656.000	736.000	688.000	80.000	22.47	LS
37	Spectrogram 1	1	112.846888759	115.830237207	667.500	161.800	113.5312	0.2234	115.2499	0.8085	1.7188	2.9833	272.000	576.000	496.000	304.000	22.80	F
38	Spectrogram 1	1	116.003687698	117.321911431	1163.100	758.500	116.4687	0.3415	116.9999	0.7561	0.5312	1.3182	816.000	1136.000	832.000	320.000	16.43	LS
39	Spectrogram 1	1	119.125796538	122.872327147	819.200	192.200	120.0624	0.2458	122.1249	0.8051	2.0625	3.7465	288.000	688.000	304.000	400.000	20.38	F
40	Spectrogram 1	1	123.566129112	124.849662746	1828.030	627.000	123.7499	0.1250	124.4062	0.6500	0.6562	1.2835	784.000	1392.000	944.000	608.000	21.13	L
41	Spectrogram 1	1	125.716914942	126.722927791	1395.700	1031.600	125.9687	0.2500	126.4999	0.7812	0.5312	1.0060	1088.000	1248.000	1152.000	160.000	18.04	R
42	Spectrogram 1	1	127.208589166	129.463445551	1843.200	708.000	127.6562	0.1972	128.0937	0.3944	0.4375	2.2549	768.000	1248.000	768.000	480.000	20.10	L
43	Spectrogram 1	1	130.851049480	133.001835570	1721.837	849.500	131.0624	0.0882	132.0312	0.5441	0.9688	2.1508	928.000	1072.000	976.000	144.000	21.94	L
44	Spectrogram 1	1	133.938468222	136.332085000	1699.081	728.200	134.4374	0.2000	135.6562	0.7200	1.2188	2.3936	896.000	1344.000	1072.000	448.000	22.96	L
45	Spectrogram 1	1	137.412070892	139.558264135	1752.178	637.200	137.9687	0.2537	138.7187	0.6119	0.7500	2.1462	736.000	1568.000	768.000	832.000	22.07	L
46	Spectrogram 1	1	140.356136395	141.258078949	1567.600	1102.400	140.5312	0.1786	140.9687	0.6786	0.4375	0.9019	1232.000	1488.000	1440.000	256.000	15.54	R
47	Spectrogram 1	1	142.021261110	144.276117495	1630.815	738.300	142.4062	0.1690	143.3749	0.6056	0.9688	2.2549	832.000	1200.000	848.000	368.000	22.07	L
48	Spectrogram 1	1	145.212750147	147.641057023	1683.911	748.400	145.6562	0.1818	146.9062	0.7013	1.2500	2.4283	848.000	1248.000	864.000	400.000	23.24	L
49	Spectrogram 1	1	148.612379773	150.416264881	1774.933	697.800	148.9687	0.1930	149.7812	0.6491	0.8125	1.8039	768.000	1344.000	1008.000	576.000	21.73	L
50	Spectrogram 1	1	151.595728221	153.677134115	2116.267	677.600	151.9374	0.1538	153.1249	0.7385	1.1875	2.0814	832.000	1328.000	848.000	496.000	19.78	L
51	Spectrogram 1	1	154.891287553	157.458354822	2085.926	738.300	155.5312	0.2469	156.5937	0.6667	1.0625	2.5671	832.000	1008.000	864.000	176.000	19.03	L
52	Spectrogram 1	1	158.152156526	160.372322813	1941.807	788.900	158.7187	0.2571	159.8437	0.7714	1.1250	2.2202	928.000	1200.000	992.000	272.000	23.01	L
53	Spectrogram 1	1	161.378335662	163.702572243	1941.807	697.800	161.8437	0.1918	163.2187	0.7945	1.3750	2.3242	928.000	1376.000	960.000	448.000	20.35	L
54	Spectrogram 1	1	164.708585092	166.130879119	1888.711	859.700	165.0624	0.2444	165.8749	0.8222	0.8125	1.4223	960.000	1440.000	992.000	480.000	19.81	L
55	Spectrogram 1	1	167.171582066	168.593876093	1600.474	708.000	167.6562	0.3333	168.1874	0.7111	0.5312	1.4223	848.000	1216.000	1120.000	368.000	23.24	L
56	Spectrogram 1	1	169.322368156	170.571211692	1221.215	708.000	169.7499	0.3333	170.1249	0.6410	0.3750	1.2488	816.000	1008.000	848.000	192.000	20.51	L
57	Spectrogram 1	1	171.299703755	173.623940336	1949.393	586.600	171.8124	0.2192	173.1874	0.8219	1.3750	2.3242	752.000	1424.000	768.000	672.000	19.90	L
58	Spectrogram 1	1	174.699333381	176.780739275	1949.393	647.300	174.9999	0.1385	176.3124	0.7846	1.3125	2.0814	800.000	1200.000	848.000	400.000	21.30	L
59	Spectrogram 1	1	177.856132320	179.868158018	1919.052	606.800	178.2499	0.1905	179.4374	0.7937	1.1875	2.0120	704.000	1424.000	944.000	720.000	22.47	L
60	Spectrogram 1	1	180.125064244	183.108412691	667.500	161.800	180.7499	0.2021	182.2187	0.7021	1.4688	2.9833	272.000	560.000	512.000	288.000	21.87	F
61	Spectrogram 1	1	183.351243379	184.322566129	890.000	546.100	183.6562	0.3000	183.9687	0.6333	0.3125	0.9713	656.000	768.000	672.000	112.000	30.60	LS
62	Spectrogram 1	1	185.016368094	187.097773987	778.700	121.400	185.6562	0.3030	186.4999	0.7121	0.8438	2.0814	208.000	688.000	288.000	480.000	22.01	F
63	Spectrogram 1	1	187.305914577	188.103786836	859.700	546.100	187.5624	0.3200	187.7812	0.6000	0.2188	0.7979	656.000	736.000	720.000	80.000	20.15	LS
64	Spectrogram 1	1	188.624138310	191.191205578	667.500	91.000	189.1874	0.2195	190.3437	0.6707	1.1562	2.5671	256.000	608.000	496.000	352.000	22.42	F
65	Spectrogram 1	1	193.654202553	196.325340116	768.600	151.700	194.5312	0.3294	195.7499	0.7882	1.2188	2.6711	256.000	608.000	496.000	352.000	20.49	F
66	Spectrogram 1	1	196.880381688	197.712944045	788.900	576.500	196.9374	0.0400	197.3437	0.5600	0.4062	0.8326	688.000	720.000	704.000	32.000	25.20	LS
67	Spectrogram 1	1	198.614886599	200.765672690	758.500	121.400	198.9999	0.1765	200.1874	0.7353	1.1875	2.1508	256.000	672.000	672.000	416.000	21.74	F
68	Spectrogram 1	1	201.265409603	202.202042255	829.300	566.400	201.4999	0.2414	201.9062	0.6897	0.4062	0.9366	672.000	720.000	688.000	48.000	21.14	LS
69	Spectrogram 1	1	202.999914515	204.942560015	778.700	161.800	203.0624	0.0323	204.2187	0.6290	1.1562	1.9426	256.000	592.000	512.000	336.000	22.12	F
70	Spectrogram 1	1	205.532291685	206.468924337	900.100	505.700	205.6562	0.1034	205.9999	0.4828	0.3438	0.9366	624.000	768.000	624.000	144.000	22.78	LS
71	Spectrogram 1	1	206.815825320	208.654400526	657.400	131.500	207.2187	0.2105	208.2187	0.7719	1.0000	1.8386	224.000	624.000	512.000	400.000	22.03	F
72	Spectrogram 1	1	209.140061901	210.250145044	839.400	485.500	209.3749	0.2000	209.7812	0.5714	0.4062	1.1101	592.000	736.000	624.000	144.000	23.42	LS
73	Spectrogram 1	1	210.701116321	212.539691528	778.700	111.200	211.0312	0.1724	211.7187	0.5517	0.6875	1.8386	272.000	624.000	624.000	352.000	24.56	F
74	Spectrogram 1	1	212.886592510	213.996675653	890.000	616.900	213.3124	0.3824	213.5624	0.6176	0.2500	1.1101	688.000	768.000	720.000	80.000	17.01	LS
75	Spectrogram 1	1	214.204816242	216.147461743	768.600	101.100	214.6562	0.2295	215.6562	0.7541	1.0000	1.9426	208.000	704.000	320.000	496.000	20.90	F
76	Spectrogram 1	1	216.494362726	217.430995378	839.400	556.200	216.7499	0.2759	216.9687	0.5172	0.2188	0.9366	640.000	688.000	672.000	48.000	24.39	LS
77	Spectrogram 1	1	217.743206262	220.032752745	768.600	131.500	218.1562	0.1781	219.1874	0.6301	1.0312	2.2895	256.000	640.000	512.000	384.000	22.75	F
78	Spectrogram 1	1	220.726554709	223.050791291	819.200	80.900	220.9999	0.1096	222.2499	0.6575	1.2500	2.3242	192.000	704.000	272.000	512.000	21.64	F
79	Spectrogram 1	1	282.504208323	285.036585494	748.400	151.700	283.0312	0.2000	284.4687	0.7750	1.4375	2.5324	304.000	624.000	560.000	320.000	18.76	F
80	Spectrogram 1	1	285.452866672	287.256751780	991.100	657.400	286.3749	0.5088	286.6874	0.6842	0.3125	1.8039	736.000	800.000	752.000	64.000	16.37	LS
81	Spectrogram 1	1	289.268777478	291.662394255	2313.481	849.500	289.9062	0.2632	290.9374	0.6974	1.0312	2.3936	944.000	1712.000	960.000	768.000	18.93	L
82	Spectrogram 1	1	292.945927890	294.506982310	1805.274	718.100	293.2812	0.2041	293.8437	0.5714	0.5625	1.5611	832.000	1456.000	1152.000	624.000	21.00	L
83	Spectrogram 1	1	295.825206043	297.212809972	2199.704	788.900	296.3124	0.3488	296.7812	0.6977	0.4688	1.3876	896.000	1664.000	1040.000	768.000	18.47	L
84	Spectrogram 1	1	298.635103999	300.612439598	2139.022	768.600	299.1249	0.2419	300.2499	0.8226	1.1250	1.9773	816.000	1840.000	832.000	1024.000	17.21	L
85	Spectrogram 1	1	301.088856229	301.990798783	1345.100	839.400	301.2499	0.1786	301.9374	0.9643	0.6875	0.9019	912.000	1296.000	1056.000	384.000	14.27	R
86	Spectrogram 1	1	302.233629471	304.696626445	1850.785	657.400	302.7499	0.2051	304.2812	0.8333	1.5312	2.4630	768.000	1664.000	832.000	896.000	15.46	L
87	Spectrogram 1	1	305.494498704	308.026875875	1858.370	667.500	305.8437	0.1375	307.7187	0.8875	1.8750	2.5324	832.000	1712.000	896.000	880.000	15.75	L
88	Spectrogram 1	1	308.824748134	310.420492653	1896.296	576.500	309.1874	0.2200	310.0937	0.8000	0.9062	1.5957	704.000	1792.000	800.000	1088.000	16.59	L
89	Spectrogram 1	1	311.287745109	313.126320315	1729.422	748.400	311.8124	0.2759	312.7499	0.7931	0.9375	1.8386	832.000	1632.000	848.000	800.000	19.00	L
90	Spectrogram 1	1	313.889502476	314.756754931	1314.800	890.000	313.9999	0.1111	314.5624	0.7778	0.5625	0.8673	960.000	1168.000	960.000	208.000	15.37	R
91	Spectrogram 1	1	315.207726208	316.664710334	1956.978	606.800	315.4999	0.1957	316.4062	0.8261	0.9062	1.4570	704.000	1728.000	816.000	1024.000	16.99	L
92	Spectrogram 1	1	317.844173674	319.925579567	1623.230	657.400	318.4999	0.3077	319.4999	0.8000	1.0000	2.0814	736.000	1440.000	1088.000	704.000	17.51	L
93	Spectrogram 1	1	320.896902318	323.672110176	1797.689	748.400	321.4999	0.2159	323.1249	0.8068	1.6250	2.7752	832.000	1312.000	912.000	480.000	19.56	L
94	Spectrogram 1	1	324.227151748	327.037049704	839.400	121.400	324.8749	0.2247	326.5312	0.8202	1.6562	2.8099	256.000	656.000	320.000	400.000	18.88	F
95	Spectrogram 1	1	327.552279409	328.558292257	960.800	586.600	327.8437	0.2903	328.3437	0.8065	0.5000	1.0060	672.000	832.000	736.000	160.000	20.22	LS
96	Spectrogram 1	1	329.009263534	331.749781294	799.000	101.100	329.6249	0.2209	331.2499	0.8256	1.6250	2.7405	256.000	592.000	272.000	336.000	19.61	F
97	Spectrogram 1	1	332.061992178	332.998624831	890.000	495.600	332.3124	0.2759	332.7812	0.7931	0.4688	0.9366	640.000	768.000	752.000	128.000	16.41	LS
98	Spectrogram 1	1	333.345525813	335.461621805	728.200	91.000	333.7499	0.1818	335.1249	0.8485	1.3750	2.1161	192.000	640.000	320.000	448.000	19.39	F
99	Spectrogram 1	1	338.410280154	340.283545459	748.400	151.700	338.8124	0.2034	340.0624	0.8814	1.2500	1.8733	208.000	640.000	272.000	432.000	16.91	F
100	Spectrogram 1	1	341.150797914	342.295571156	869.800	515.800	341.4062	0.2222	341.9062	0.6667	0.5000	1.1448	640.000	720.000	704.000	80.000	15.69	LS
101	Spectrogram 1	1	342.885302826	344.585117639	738.300	131.500	343.2187	0.1887	343.9999	0.6604	0.7812	1.6998	240.000	672.000	384.000	432.000	18.54	F
102	Spectrogram 1	1	345.174849309	346.146172059	849.500	546.100	345.3749	0.2000	345.7812	0.6333	0.4062	0.9713	640.000	768.000	704.000	128.000	21.30	LS
103	Spectrogram 1	1	346.805283926	348.435718542	718.100	121.400	347.2499	0.2745	347.9999	0.7451	0.7500	1.6304	256.000	640.000	320.000	384.000	20.19	F
104	Spectrogram 1	1	349.060140311	350.204913552	849.500	576.500	349.4062	0.3056	349.9687	0.8056	0.5625	1.1448	688.000	784.000	704.000	96.000	22.45	LS
105	Spectrogram 1	1	350.794645222	352.667910526	829.300	131.500	351.2187	0.2203	352.2812	0.7966	1.0625	1.8733	208.000	640.000	272.000	432.000	20.07	F
106	Spectrogram 1	1	353.188262000	354.228964947	869.800	566.400	353.4062	0.1875	353.9062	0.6875	0.5000	1.0407	656.000	768.000	704.000	112.000	20.78	LS
107	Spectrogram 1	1	354.888076813	356.553201528	738.300	131.500	355.0937	0.1154	356.1562	0.7692	1.0625	1.6651	208.000	672.000	288.000	464.000	19.80	F
108	Spectrogram 1	1	357.212313394	358.218326243	869.800	515.800	357.4062	0.1935	357.8124	0.6129	0.4062	1.0060	688.000	768.000	752.000	80.000	24.68	LS
109	Spectrogram 1	1	359.016198502	361.305744985	697.800	111.200	359.5312	0.2222	360.9062	0.8333	1.3750	2.2895	272.000	576.000	336.000	304.000	20.59	F
110	Spectrogram 1	1	364.011572387	366.543949558	799.000	131.500	364.4999	0.1875	366.1562	0.8500	1.6562	2.5324	240.000	656.000	272.000	416.000	16.06	F
111	Spectrogram 1	1	367.237751523	368.451904961	879.900	515.800	367.5624	0.2632	368.2187	0.8158	0.6562	1.2142	624.000	752.000	688.000	128.000	19.22	LS
112	Spectrogram 1	1	369.111016827	370.984282131	647.300	80.900	369.6249	0.2712	370.6249	0.8136	1.0000	1.8733	208.000	560.000	272.000	352.000	18.81	F
113	Spectrogram 1	1	371.574013801	372.580026650	829.300	576.500	371.8437	0.2581	372.1562	0.5806	0.3125	1.0060	672.000	720.000	704.000	48.000	21.69	LS
114	Spectrogram 1	1	373.204448418	375.043023624	708.000	121.400	373.4687	0.1379	374.6249	0.7759	1.1562	1.8386	208.000	656.000	240.000	448.000	17.17	F
115	Spectrogram 1	1	375.563375098	376.395937455	869.800	586.600	375.8124	0.2800	376.2187	0.8000	0.4062	0.8326	688.000	752.000	704.000	64.000	24.48	LS
116	Spectrogram 1	1	377.055049321	378.754864135	738.300	80.900	377.5937	0.3148	378.4999	0.8519	0.9062	1.6998	192.000	656.000	288.000	464.000	20.70	F
117	Spectrogram 1	1	379.413976001	380.524059144	821.715	518.315	379.6874	0.2353	380.0312	0.5588	0.3438	1.1101	672.000	768.000	704.000	96.000	23.70	LS
118	Spectrogram 1	1	381.009720520	382.778915529	738.300	151.700	381.4374	0.2364	382.7187	0.9818	1.2812	1.7692	208.000	704.000	288.000	496.000	18.58	F
119	Spectrogram 1	1	387.045797611	389.300653996	637.200	141.600	387.4999	0.1972	388.9374	0.8451	1.4375	2.2549	224.000	608.000	256.000	384.000	17.32	F
120	Spectrogram 1	1	389.682245077	390.757638122	900.100	596.700	389.9999	0.2941	390.4374	0.7059	0.4375	1.0754	704.000	768.000	720.000	64.000	17.42	LS
121	Spectrogram 1	1	392.908423952	395.857082302	708.000	141.600	393.7499	0.2796	395.4062	0.8495	1.6562	2.9487	272.000	608.000	336.000	336.000	18.88	F
122	Spectrogram 1	1	399.117951535	401.407498018	748.400	151.700	399.4374	0.1370	401.0312	0.8356	1.5938	2.2895	272.000	592.000	336.000	320.000	21.74	F
123	Spectrogram 1	1	401.615638608	403.003242537	920.300	677.600	402.1249	0.3636	402.6249	0.7273	0.5000	1.3876	752.000	896.000	768.000	144.000	20.40	LS
124	Spectrogram 1	1	405.223408824	407.963926584	809.100	171.900	405.7499	0.1860	407.5937	0.8721	1.8438	2.7405	288.000	720.000	336.000	432.000	17.70	F
125	Spectrogram 1	1	408.831179039	410.635064147	1891.200	687.700	409.2499	0.2281	410.2499	0.7895	1.0000	1.8039	784.000	1376.000	992.000	592.000	16.04	L
126	Spectrogram 1	1	411.575110860	413.378995968	1911.500	728.200	412.1562	0.3158	412.8749	0.7193	0.7188	1.8039	912.000	1584.000	976.000	672.000	19.98	L
127	Spectrogram 1	1	414.038107835	415.252261273	1567.600	1061.900	414.3749	0.2632	415.0312	0.8158	0.6562	1.2142	1168.000	1440.000	1264.000	272.000	14.19	R
128	Spectrogram 1	1	415.772612746	417.333667166	1719.300	697.800	416.2499	0.3061	416.9687	0.7755	0.7188	1.5611	736.000	1296.000	1040.000	560.000	16.76	L
129	Spectrogram 1	1	418.860031488	421.427098757	1810.300	718.100	419.2812	0.1605	420.8749	0.7901	1.5938	2.5671	912.000	1392.000	1104.000	480.000	17.35	L
130	Spectrogram 1	1	422.224971017	423.959475928	1668.700	829.300	422.5937	0.2037	423.5937	0.7963	1.0000	1.7345	960.000	1344.000	1136.000	384.000	20.29	L
131	Spectrogram 1	1	425.069559071	427.428485751	1719.300	738.300	425.4374	0.1486	426.9062	0.7838	1.4688	2.3589	848.000	1296.000	992.000	448.000	18.32	L
132	Spectrogram 1	1	428.191667912	429.197680761	1183.300	900.100	428.4687	0.2581	428.9374	0.7419	0.4688	1.0060	992.000	1104.000	1024.000	112.000	16.50	R
133	Spectrogram 1	1	429.856792627	432.007578717	1810.300	708.000	430.3124	0.2059	431.4999	0.7647	1.1875	2.1508	800.000	1280.000	816.000	480.000	17.63	L
134	Spectrogram 1	1	432.770760618	435.337827887	1780.000	839.400	433.4062	0.2469	434.8437	0.8148	1.4375	2.5671	944.000	1424.000	976.000	480.000	18.91	L
135	Spectrogram 1	1	436.066319950	437.662064469	1780.000	849.500	436.4374	0.2200	437.3124	0.7800	0.8750	1.5957	960.000	1552.000	1216.000	592.000	19.65	L
136	Spectrogram 1	1	438.910908005	440.922933702	1709.200	809.100	439.4374	0.2540	440.5624	0.8254	1.1250	2.0120	896.000	1120.000	912.000	224.000	19.36	L
137	Spectrogram 1	1	441.651425765	443.143099989	1173.200	819.200	441.8437	0.1277	442.7812	0.7660	0.9375	1.4917	880.000	1104.000	1056.000	224.000	12.87	L
138	Spectrogram 1	1	444.045042543	446.161138535	1486.700	637.200	444.3749	0.1493	445.8124	0.8358	1.4375	2.1161	704.000	1344.000	864.000	640.000	17.12	L
139	Spectrogram 1	1	446.750870205	449.109796884	2134.000	859.700	447.2187	0.1892	448.6874	0.8243	1.4688	2.3589	1040.000	1904.000	1664.000	864.000	17.65	L
140	Spectrogram 1	1	450.150499831	452.301285921	2194.600	788.900	450.4999	0.1618	451.8749	0.8088	1.3750	2.1508	928.000	1872.000	992.000	944.000	16.54	L
141	Spectrogram 1	1	453.584819556	455.423394762	2063.200	758.500	453.9062	0.1724	455.0624	0.8103	1.1562	1.8386	832.000	1792.000	912.000	960.000	17.45	L
142	Spectrogram 1	1	455.874366039	458.892404585	708.000	141.600	456.2499	0.1250	458.5312	0.8854	2.2812	3.0180	288.000	640.000	304.000	352.000	17.41	F
143	Spectrogram 1	1	459.447446156	460.835050085	890.000	576.500	459.8437	0.2791	460.3437	0.6512	0.5000	1.3876	656.000	768.000	672.000	112.000	21.94	LS
144	Spectrogram 1	1	461.147260969	463.367427256	799.000	91.000	461.8124	0.3000	463.0624	0.8714	1.2500	2.2202	240.000	656.000	256.000	416.000	17.82	F
145	Spectrogram 1	1	463.853088372	464.789721024	849.500	546.100	464.0624	0.2069	464.4062	0.5862	0.3438	0.9366	656.000	736.000	704.000	80.000	20.64	LS
146	Spectrogram 1	1	465.101931908	467.495548686	697.800	111.200	465.7812	0.2800	467.1249	0.8533	1.3438	2.3936	224.000	624.000	256.000	400.000	18.03	F
147	Spectrogram 1	1	467.738379373	468.779082320	920.300	616.900	468.1249	0.3750	468.4999	0.7500	0.3750	1.0407	672.000	768.000	704.000	96.000	24.94	LS
148	Spectrogram 1	1	469.299433794	471.554290178	708.000	111.200	469.9374	0.2817	471.2187	0.8592	1.2812	2.2549	208.000	608.000	288.000	400.000	20.19	F
149	Spectrogram 1	1	475.682411868	478.076028645	819.200	182.000	476.3124	0.2632	477.6874	0.8421	1.3750	2.3936	272.000	720.000	336.000	448.000	18.21	F
150	Spectrogram 1	1	478.665760315	479.706463262	839.400	546.100	478.9062	0.2188	479.4062	0.7188	0.5000	1.0407	656.000	720.000	688.000	64.000	25.65	LS
151	Spectrogram 1	1	480.469645423	482.759191906	839.400	161.800	481.0937	0.2639	482.3437	0.8194	1.2500	2.2895	256.000	592.000	288.000	336.000	16.45	F
152	Spectrogram 1	1	483.279543380	484.320246327	839.400	606.800	483.5312	0.2424	483.8124	0.5152	0.2812	1.0407	688.000	736.000	704.000	48.000	19.89	LS
153	Spectrogram 1	1	484.979358193	486.609792810	667.500	121.400	485.3749	0.2353	486.3124	0.8235	0.9375	1.6304	240.000	608.000	288.000	368.000	19.59	F
154	Spectrogram 1	1	487.234214578	488.205537328	839.400	586.600	487.4062	0.1667	487.8124	0.6000	0.4062	0.9713	672.000	752.000	688.000	80.000	24.01	LS
155	Spectrogram 1	1	488.448368016	490.529773910	708.000	91.000	488.9999	0.2615	490.0937	0.8000	1.0938	2.0814	208.000	640.000	272.000	432.000	18.35	F
156	Spectrogram 1	1	491.709236990	494.519134946	788.900	101.100	492.4999	0.2809	493.6874	0.7079	1.1875	2.8099	224.000	608.000	272.000	384.000	17.63	F
157	Spectrogram 1	1	498.647256635	500.902113020	839.400	131.500	499.2187	0.2535	500.3437	0.7606	1.1250	2.2549	256.000	576.000	288.000	320.000	16.96	F
158	Spectrogram 1	1	501.422464494	502.601927833	930.400	536.000	501.7499	0.2703	502.2499	0.7027	0.5000	1.1795	624.000	800.000	672.000	176.000	20.50	LS
159	Spectrogram 1	1	503.156969405	505.238375299	778.700	151.700	503.6874	0.2462	504.9999	0.8923	1.3125	2.0814	240.000	672.000	272.000	432.000	19.42	F
160	Spectrogram 1	1	505.862797067	506.938190112	829.300	465.200	506.0937	0.2059	506.5312	0.6176	0.4375	1.0754	576.000	720.000	704.000	144.000	24.47	LS
161	Spectrogram 1	1	507.562611880	509.886848461	647.300	91.000	508.0937	0.2192	509.3749	0.7808	1.2812	2.3242	240.000	576.000	288.000	336.000	20.22	F
162	Spectrogram 1	1	513.806829561	516.061685946	657.400	141.600	514.3749	0.2535	515.6249	0.8169	1.2500	2.2549	256.000	592.000	592.000	336.000	19.60	F
163	Spectrogram 1	1	517.130540229	518.310003569	879.900	515.800	517.5937	0.3889	518.0312	0.7778	0.4375	1.1795	592.000	768.000	720.000	176.000	22.46	LS
164	Spectrogram 1	1	518.795664944	521.085211428	647.300	141.600	519.4999	0.3056	520.6874	0.8333	1.1875	2.2895	256.000	592.000	272.000	336.000	20.85	F
165	Spectrogram 1	1	521.709633196	522.819716339	920.300	505.700	521.9999	0.2571	522.5312	0.7429	0.5312	1.1101	656.000	832.000	720.000	176.000	23.30	LS
166	Spectrogram 1	1	523.235997518	525.629614295	687.700	121.400	523.8749	0.2632	525.2499	0.8421	1.3750	2.3936	240.000	656.000	288.000	416.000	19.47	F
167	Spectrogram 1	1	529.480215199	532.359493352	718.100	131.500	530.2812	0.2747	531.9999	0.8791	1.7188	2.8793	272.000	592.000	288.000	320.000	19.20	F
168	Spectrogram 1	1	536.284305505	539.267653953	758.500	141.600	536.9999	0.2340	538.7499	0.8298	1.7500	2.9833	272.000	704.000	336.000	432.000	17.60	F
169	Spectrogram 1	1	540.030836114	541.349059847	1233.900	718.100	540.4062	0.2857	540.9062	0.6667	0.5000	1.3182	768.000	1168.000	896.000	400.000	19.05	L
170	Spectrogram 1	1	542.285692499	543.257015249	1395.700	1132.700	542.5624	0.2667	543.0312	0.7667	0.4688	0.9713	1184.000	1360.000	1216.000	176.000	16.63	R
171	Spectrogram 1	1	543.465155839	546.379124090	1982.300	687.700	544.1874	0.2473	545.8437	0.8172	1.6562	2.9140	832.000	1520.000	896.000	688.000	15.24	L
172	Spectrogram 1	1	547.072926055	549.952204208	2174.400	738.300	548.0312	0.3297	549.5937	0.8791	1.5625	2.8793	880.000	1488.000	896.000	608.000	16.12	L
173	Spectrogram 1	1	551.096977449	553.317143736	1951.900	778.700	551.4999	0.1714	552.9687	0.8429	1.4688	2.2202	880.000	1616.000	992.000	736.000	16.97	L
174	Spectrogram 1	1	554.427226879	556.369872380	1982.300	697.800	554.7499	0.1639	556.0937	0.8689	1.3438	1.9426	800.000	1856.000	912.000	1056.000	16.59	L
175	Spectrogram 1	1	557.341195130	557.861546604	1405.800	991.100	557.4374	0.1875	557.7187	0.7500	0.2812	0.5204	1104.000	1216.000	1200.000	112.000	17.14	R
176	Spectrogram 1	1	558.555348568	560.671444560	2022.700	799.000	559.0937	0.2537	560.2812	0.8209	1.1875	2.1161	896.000	1216.000	1008.000	320.000	18.14	L
177	Spectrogram 1	1	562.059048230	564.730185793	1901.400	768.600	562.5624	0.1882	564.0937	0.7647	1.5312	2.6711	864.000	1472.000	1008.000	608.000	16.00	L
178	Spectrogram 1	1	565.562748151	567.401323357	1709.200	718.100	565.9062	0.1754	566.9687	0.7719	1.0625	1.8386	864.000	1456.000	992.000	592.000	18.23	L
179	Spectrogram 1	1	568.684856991	570.072460921	1709.200	637.200	569.0624	0.2727	569.8437	0.8409	0.7812	1.3876	768.000	1488.000	800.000	720.000	17.99	L
180	Spectrogram 1	1	571.043783671	572.049796520	1527.200	1102.400	571.3437	0.2903	571.7812	0.7419	0.4375	1.0060	1232.000	1440.000	1248.000	208.000	16.95	R
181	Spectrogram 1	1	572.327317305	574.929074673	2012.600	677.600	572.8124	0.1829	574.3437	0.7805	1.5312	2.6018	816.000	1616.000	1136.000	800.000	15.56	L
182	Spectrogram 1	1	575.935087521	578.328704299	2012.600	657.400	576.3749	0.1842	577.9374	0.8421	1.5625	2.3936	784.000	1680.000	896.000	896.000	17.41	L
183	Spectrogram 1	1	579.091886460	580.861081470	1871.000	596.700	579.4999	0.2321	580.3437	0.7143	0.8438	1.7692	704.000	1680.000	960.000	976.000	16.93	L
184	Spectrogram 1	1	581.832404220	583.601599230	2002.500	738.300	582.1874	0.1964	583.1249	0.7321	0.9375	1.7692	864.000	1552.000	880.000	688.000	18.49	L
185	Spectrogram 1	1	583.983190310	587.244059544	778.700	171.900	584.5312	0.1650	586.5624	0.7961	2.0312	3.2609	288.000	608.000	448.000	320.000	18.28	F
186	Spectrogram 1	1	587.486890231	588.805113964	1132.700	546.100	587.8749	0.2927	588.4374	0.7317	0.5625	1.3182	688.000	992.000	848.000	304.000	19.19	LS
187	Spectrogram 1	1	589.256085241	591.649702019	839.400	91.000	589.8124	0.2267	591.0624	0.7600	1.2500	2.3936	240.000	672.000	272.000	432.000	17.80	F
188	Spectrogram 1	1	591.927222545	592.759784902	1051.800	647.300	592.1562	0.2692	592.4999	0.6923	0.3438	0.8326	704.000	1024.000	768.000	320.000	22.58	LS
189	Spectrogram 1	1	593.453586867	595.465612564	799.000	101.100	593.9999	0.2698	595.0937	0.8254	1.0938	2.0120	224.000	688.000	272.000	464.000	19.11	F
190	Spectrogram 1	1	596.298174922	598.726481798	738.300	141.600	597.0937	0.3247	598.3124	0.8312	1.2188	2.4283	224.000	688.000	272.000	464.000	18.84	F
191	Spectrogram 1	1	598.969312485	600.114085727	991.100	586.600	599.2812	0.2571	599.8437	0.7714	0.5625	1.1448	640.000	864.000	752.000	224.000	20.87	LS
192	Spectrogram 1	1	602.819913389	605.456360854	890.000	171.900	603.7187	0.3373	605.1562	0.8916	1.4375	2.6364	272.000	656.000	320.000	384.000	17.73	F
193	Spectrogram 1	1	606.046092524	607.364316257	900.100	556.200	606.4062	0.2683	606.7187	0.5122	0.3125	1.3182	688.000	800.000	736.000	112.000	16.53	LS
194	Spectrogram 1	1	607.849977632	610.070143919	738.300	161.800	608.2187	0.1571	609.5937	0.7857	1.3750	2.2202	240.000	576.000	272.000	336.000	19.24	F
195	Spectrogram 1	1	610.694565687	611.665888437	920.300	536.000	610.8749	0.1667	611.3749	0.7000	0.5000	0.9713	656.000	816.000	752.000	160.000	21.82	LS
196	Spectrogram 1	1	612.255620107	614.232955706	829.300	141.600	612.8437	0.2903	613.9999	0.8871	1.1562	1.9773	240.000	592.000	288.000	352.000	18.95	F
197	Spectrogram 1	1	614.822687376	616.140911109	910.200	495.600	615.2187	0.2927	615.7187	0.6829	0.5000	1.3182	608.000	832.000	752.000	224.000	22.45	LS
198	Spectrogram 1	1	616.661262582	618.777358574	799.000	80.900	617.1874	0.2424	618.3437	0.8030	1.1562	2.1161	256.000	592.000	288.000	336.000	18.15	F
199	Spectrogram 1	1	619.818061521	620.824074369	849.500	556.200	620.0624	0.2258	620.5624	0.7419	0.5000	1.0060	672.000	768.000	688.000	96.000	23.73	LS
200	Spectrogram 1	1	621.565643437	623.751119625	718.100	171.900	621.9374	0.1594	623.2812	0.7826	1.3438	2.1855	288.000	608.000	576.000	320.000	21.48	F
201	Spectrogram 1	1	624.236781000	625.312174045	869.800	536.000	624.4999	0.2424	625.0624	0.7879	0.5625	1.0754	592.000	784.000	704.000	192.000	24.28	LS
202	Spectrogram 1	1	626.144736403	628.364902689	768.600	101.100	626.5624	0.1857	627.7187	0.7143	1.1562	2.2202	256.000	560.000	288.000	304.000	20.88	F
203	Spectrogram 1	1	629.162774949	631.174800646	627.000	101.100	629.7187	0.2698	630.8749	0.8571	1.1562	2.0120	224.000	560.000	272.000	336.000	21.83	F
204	Spectrogram 1	1	767.842965003	770.861003549	758.500	60.700	768.3749	0.1771	770.4062	0.8542	2.0312	3.0180	240.000	672.000	272.000	432.000	15.92	F
205	Spectrogram 1	1	774.087182685	777.209291525	930.400	121.400	774.6562	0.1818	776.5937	0.8081	1.9375	3.1221	256.000	640.000	272.000	384.000	17.26	F
206	Spectrogram 1	1	777.972473686	779.429457812	1193.400	728.200	778.2499	0.1778	779.0312	0.7333	0.7812	1.4570	800.000	1104.000	848.000	304.000	21.35	LS
207	Spectrogram 1	1	781.025202330	784.424831957	748.400	131.500	781.7187	0.2037	783.8749	0.8426	2.1562	3.3996	272.000	624.000	576.000	352.000	20.59	F
208	Spectrogram 1	1	784.667662644	785.847125984	1082.200	627.000	784.8749	0.1622	785.4062	0.6216	0.5312	1.1795	720.000	992.000	976.000	272.000	22.16	LS
209	Spectrogram 1	1	787.859151681	789.038615021	1264.200	910.200	788.1874	0.2703	788.7187	0.7297	0.5312	1.1795	1024.000	1152.000	1104.000	128.000	21.21	R
210	Spectrogram 1	1	789.489586298	791.640372388	1537.300	708.000	789.7812	0.1324	791.0624	0.7353	1.2812	2.1508	848.000	1088.000	976.000	240.000	20.45	L
211	Spectrogram 1	1	792.715765174	795.248142344	1921.600	667.500	793.1874	0.1875	794.7187	0.8000	1.5312	2.5324	800.000	1648.000	1008.000	848.000	22.55	L
212	Spectrogram 1	1	796.150084898	796.982647256	1567.600	981.000	796.4062	0.3077	796.7812	0.7692	0.3750	0.8326	1136.000	1312.000	1168.000	176.000	20.91	R
213	Spectrogram 1	1	797.676449220	799.965995704	1911.500	738.300	798.1249	0.1944	799.2187	0.6806	1.0938	2.2895	912.000	1472.000	1216.000	560.000	23.08	L
214	Spectrogram 1	1	801.110768945	803.504385723	2042.900	768.600	801.3749	0.1053	802.9999	0.7895	1.6250	2.3936	896.000	1760.000	944.000	864.000	19.23	L
215	Spectrogram 1	1	804.406328277	806.314283679	2042.900	677.600	804.8124	0.2000	805.7812	0.7167	0.9688	1.9080	864.000	1872.000	944.000	1008.000	19.72	L
216	Spectrogram 1	1	807.320296528	809.575152913	2123.900	738.300	807.7499	0.1831	808.7812	0.6479	1.0312	2.2549	864.000	1568.000	912.000	704.000	23.68	L
217	Spectrogram 1	1	809.922053895	811.274967726	1699.100	1304.700	810.2499	0.2381	811.0624	0.8571	0.8125	1.3529	1344.000	1648.000	1552.000	304.000	23.33	R
218	Spectrogram 1	1	811.691248905	814.119555781	2123.852	748.400	812.2499	0.2237	813.6249	0.8026	1.3750	2.4283	896.000	1600.000	928.000	704.000	22.97	L
219	Spectrogram 1	1	815.299019121	817.519185407	1926.637	748.400	815.8749	0.2571	817.1562	0.8429	1.2812	2.2202	928.000	1472.000	1008.000	544.000	22.73	L
220	Spectrogram 1	1	818.421127961	821.473856605	2010.074	708.000	818.8749	0.1443	820.7499	0.7629	1.8750	3.0527	816.000	1664.000	832.000	848.000	22.48	L
221	Spectrogram 1	1	822.158413826	823.719468246	1830.600	1173.200	822.5624	0.2449	823.5312	0.8776	0.9688	1.5611	1232.000	1744.000	1440.000	512.000	21.22	R
222	Spectrogram 1	1	824.239819719	826.390605809	1949.393	667.500	824.6249	0.1765	825.9687	0.8088	1.3438	2.1508	864.000	1520.000	864.000	656.000	21.53	L
223	Spectrogram 1	1	827.535379051	829.894305731	2025.244	728.200	828.0624	0.2162	829.4062	0.7973	1.3438	2.3589	864.000	1152.000	880.000	288.000	21.14	L
224	Spectrogram 1	1	831.039078972	833.051104669	2032.830	586.600	831.4062	0.1746	832.6249	0.7937	1.2188	2.0120	752.000	1184.000	880.000	432.000	22.00	L
225	Spectrogram 1	1	833.744906634	836.311973903	1011.400	121.400	834.0624	0.1235	835.5624	0.7160	1.5000	2.5671	288.000	656.000	320.000	368.000	21.44	F
226	Spectrogram 1	1	836.867015475	838.185239207	1152.900	505.700	837.0624	0.1463	837.5937	0.5610	0.5312	1.3182	736.000	880.000	816.000	144.000	24.81	LS
227	Spectrogram 1	1	838.323999600	841.064517360	856.816	101.100	839.1562	0.2989	840.5312	0.8046	1.3750	2.7405	256.000	688.000	304.000	432.000	22.51	F
228	Spectrogram 1	1	841.376727985	842.625571521	981.000	566.400	841.6562	0.2051	842.0624	0.5385	0.4062	1.2488	688.000	880.000	736.000	192.000	24.52	LS
229	Spectrogram 1	1	842.972472503	845.123258593	859.700	121.400	843.7187	0.3433	844.7499	0.8358	1.0312	2.1508	224.000	704.000	304.000	480.000	22.15	F
230	Spectrogram 1	1	845.470159576	846.753693210	1092.300	596.700	845.9687	0.3750	846.4374	0.7500	0.4688	1.2835	688.000	880.000	736.000	192.000	28.55	LS
231	Spectrogram 1	1	847.482185273	849.563591167	849.500	111.200	848.2499	0.3636	849.0624	0.7576	0.8125	2.0814	240.000	640.000	288.000	400.000	22.22	F
232	Spectrogram 1	1	849.945182247	851.089955489	991.100	485.500	850.2499	0.2571	850.7187	0.6857	0.4688	1.1448	640.000	896.000	832.000	256.000	26.05	LS
233	Spectrogram 1	1	851.610306962	853.657022758	839.400	131.500	852.3437	0.3538	853.2812	0.8154	0.9375	2.0467	224.000	704.000	304.000	480.000	24.21	F
234	Spectrogram 1	1	853.899853445	855.252767276	1001.200	556.200	854.3749	0.3488	854.8124	0.6744	0.4375	1.3529	688.000	864.000	720.000	176.000	23.65	LS
235	Spectrogram 1	1	855.634358357	858.062665233	708.000	161.800	856.4062	0.3117	857.6874	0.8442	1.2812	2.4283	240.000	608.000	288.000	368.000	24.40	F
236	Spectrogram 1	1	860.178761225	863.058039378	748.400	151.700	861.2499	0.3736	862.5312	0.8242	1.2812	2.8793	288.000	624.000	288.000	336.000	23.00	F
237	Spectrogram 1	1	863.682461146	864.653783896	869.800	566.400	864.0937	0.4333	864.4999	0.8667	0.4062	0.9713	656.000	768.000	688.000	112.000	31.22	LS
238	Spectrogram 1	1	865.243515566	867.498371951	758.500	151.700	865.8749	0.2817	867.0312	0.8028	1.1562	2.2549	272.000	608.000	304.000	336.000	23.58	F
239	Spectrogram 1	1	868.018723424	869.128806568	788.900	515.800	868.5312	0.4571	868.8124	0.7143	0.2812	1.1101	624.000	688.000	672.000	64.000	23.53	LS
240	Spectrogram 1	1	869.649158041	871.869324328	758.500	131.500	870.2499	0.2714	871.3749	0.7857	1.1250	2.2202	256.000	608.000	304.000	352.000	26.54	F
241	Spectrogram 1	1	872.250915408	873.326308453	869.800	576.500	872.6874	0.3939	873.0624	0.7576	0.3750	1.0754	656.000	752.000	672.000	96.000	29.47	LS
242	Spectrogram 1	1	873.916039863	876.205586347	819.200	161.800	874.4062	0.2083	875.7499	0.8056	1.3438	2.2895	256.000	688.000	304.000	432.000	23.42	F
243	Spectrogram 1	1	876.552487329	877.697260570	900.100	546.100	876.9062	0.3056	877.3437	0.6944	0.4375	1.1448	640.000	896.000	656.000	256.000	27.31	LS
244	Spectrogram 1	1	877.974781356	880.749989215	697.800	91.000	878.6249	0.2273	880.0624	0.7500	1.4375	2.7752	208.000	672.000	288.000	464.000	23.99	F
245	Spectrogram 1	1	883.212986189	885.988194047	829.300	121.400	884.2499	0.3750	885.4062	0.7955	1.1562	2.7752	304.000	688.000	336.000	384.000	23.06	F
246	Spectrogram 1	1	886.716686110	887.688008860	839.400	586.600	886.9999	0.2903	887.4062	0.7097	0.4062	0.9713	672.000	752.000	720.000	80.000	27.85	LS
247	Spectrogram 1	1	888.173670235	890.497906817	829.300	141.600	888.7499	0.2466	889.9062	0.7534	1.1562	2.3242	272.000	624.000	320.000	352.000	23.32	F
248	Spectrogram 1	1	890.983568192	892.024271139	879.900	525.900	891.3124	0.3125	891.6249	0.6250	0.3125	1.0407	656.000	736.000	688.000	80.000	20.42	LS
249	Spectrogram 1	1	892.405862219	894.556648310	758.500	151.700	893.0312	0.2941	894.0624	0.7794	1.0312	2.1508	240.000	640.000	288.000	400.000	23.96	F
250	Spectrogram 1	1	895.007619587	895.666731453	910.200	556.200	895.2812	0.4000	895.5624	0.8500	0.2812	0.6591	656.000	736.000	704.000	80.000	23.30	LS
251	Spectrogram 1	1	896.429913614	898.441939311	738.300	131.500	896.8437	0.2031	897.9999	0.7812	1.1562	2.0120	208.000	656.000	304.000	448.000	24.23	F
252	Spectrogram 1	1	898.858220490	899.586712553	839.400	556.200	898.9999	0.1818	899.2499	0.5455	0.2500	0.7285	640.000	688.000	672.000	48.000	19.10	LS
253	Spectrogram 1	1	900.141754124	902.431300608	667.500	131.500	900.5312	0.1667	901.7812	0.7222	1.2500	2.2895	208.000	592.000	288.000	384.000	23.76	F
254	Spectrogram 1	1	905.310578760	907.912336128	910.200	161.800	906.4687	0.4458	907.2812	0.7590	0.8125	2.6018	256.000	608.000	288.000	352.000	20.39	F
255	Spectrogram 1	1	908.397997243	909.750911074	991.100	637.200	908.7187	0.2326	909.4062	0.7442	0.6875	1.3529	752.000	880.000	832.000	128.000	25.65	LS
256	Spectrogram 1	1	910.201882351	913.532131781	778.700	171.900	911.3124	0.3302	912.9062	0.8113	1.5938	3.3302	272.000	624.000	304.000	352.000	23.23	F
257	Spectrogram 1	1	917.209282193	920.262010837	1001.200	212.400	918.4999	0.4227	919.7187	0.8247	1.2188	3.0527	304.000	624.000	432.000	320.000	20.91	F
258	Spectrogram 1	1	921.025192998	922.204656338	1082.200	606.800	921.3437	0.2703	921.8124	0.6757	0.4688	1.1795	704.000	864.000	784.000	160.000	22.76	LS
259	Spectrogram 1	1	923.141288990	925.292075081	1254.100	667.500	923.5312	0.1765	924.6562	0.7059	1.1250	2.1508	736.000	1088.000	800.000	352.000	18.45	L
260	Spectrogram 1	1	926.367468126	929.073295787	1486.700	839.400	926.8437	0.1744	927.8437	0.5465	1.0000	2.7058	1008.000	1216.000	1056.000	208.000	23.54	L
261	Spectrogram 1	1	929.905858145	931.952573940	1689.000	829.300	930.3437	0.2154	931.4999	0.7846	1.1562	2.0467	944.000	1328.000	1040.000	384.000	26.10	L
262	Spectrogram 1	1	933.236107575	935.352203567	1608.100	748.400	933.5937	0.1642	934.4374	0.5672	0.8438	2.1161	880.000	1360.000	1040.000	480.000	25.72	L
263	Spectrogram 1	1	935.837864682	937.676439888	1597.900	859.700	936.3124	0.2586	937.1562	0.7241	0.8438	1.8386	960.000	1248.000	1008.000	288.000	22.96	L
264	Spectrogram 1	1	938.613072541	941.249520006	1648.500	809.100	939.1874	0.2169	940.2499	0.6265	1.0625	2.6364	928.000	1248.000	1072.000	320.000	21.85	L
265	Spectrogram 1	1	942.186152658	945.065430811	1911.500	849.500	942.7499	0.1957	944.5312	0.8152	1.7812	2.8793	976.000	1520.000	1088.000	544.000	22.51	L
266	Spectrogram 1	1	946.036753562	947.771258473	1759.800	879.900	946.3749	0.1852	947.2499	0.7037	0.8750	1.7345	1056.000	1488.000	1200.000	432.000	22.25	L
267	Spectrogram 1	1	948.638510929	950.823987117	1759.800	758.500	949.2812	0.2899	950.1874	0.7101	0.9062	2.1855	960.000	1536.000	1248.000	576.000	26.04	L
268	Spectrogram 1	1	951.621859376	953.391054386	1587.800	849.500	952.1874	0.3214	952.8749	0.7143	0.6875	1.7692	1008.000	1408.000	1152.000	400.000	23.91	R
269	Spectrogram 1	1	953.946095958	957.068204798	1820.400	728.200	954.3124	0.1111	956.0312	0.6667	1.7188	3.1221	896.000	1552.000	976.000	656.000	21.33	L
270	Spectrogram 1	1	957.900767156	960.294383934	1790.100	738.300	958.2499	0.1447	959.5937	0.7105	1.3438	2.3936	896.000	1472.000	960.000	576.000	22.68	L
271	Spectrogram 1	1	960.918805702	963.312422480	1820.400	718.100	961.3437	0.1733	962.7499	0.7733	1.4062	2.3936	880.000	1504.000	1072.000	624.000	23.23	L
272	Spectrogram 1	1	964.387815525	965.532588766	1820.400	1375.400	964.7187	0.2778	965.1249	0.6389	0.4062	1.1448	1424.000	1696.000	1504.000	272.000	24.66	R
273	Spectrogram 1	1	965.879489489	968.273106267	1921.600	647.300	966.2187	0.1333	967.6562	0.7467	1.4375	2.3936	784.000	1520.000	784.000	736.000	20.90	L
274	Spectrogram 1	1	968.897528035	971.325834911	2012.600	738.300	969.3749	0.1948	970.8749	0.8182	1.5000	2.4283	848.000	1472.000	1088.000	624.000	21.81	L
275	Spectrogram 1	1	972.089017072	974.378563555	2073.300	697.800	972.4687	0.1644	973.9687	0.8219	1.5000	2.2895	832.000	1632.000	880.000	800.000	21.84	L
276	Spectrogram 1	1	975.072365519	977.327221904	2063.200	657.400	975.3749	0.1268	976.6249	0.6901	1.2500	2.2549	736.000	1696.000	736.000	960.000	21.58	L
277	Spectrogram 1	1	977.916953574	980.171809959	1729.400	768.600	978.5624	0.2817	979.6249	0.7606	1.0625	2.2549	864.000	1376.000	960.000	512.000	20.42	L
278	Spectrogram 1	1	981.524723790	983.536749487	1689.000	718.100	981.9374	0.2031	983.1874	0.8281	1.2500	2.0120	880.000	1360.000	1024.000	480.000	20.23	L
279	Spectrogram 1	1	984.334621746	986.520097935	1921.600	687.700	984.7187	0.1739	986.0624	0.7971	1.3438	2.1855	752.000	1392.000	912.000	640.000	22.69	L
280	Spectrogram 1	1	987.248589998	989.225925597	1678.900	758.500	987.7499	0.2540	988.8749	0.8254	1.1250	1.9773	816.000	1456.000	992.000	640.000	23.75	L
281	Spectrogram 1	1	990.307148806	993.117046762	879.900	111.200	990.8437	0.1910	992.5937	0.8202	1.7500	2.8099	288.000	592.000	304.000	304.000	19.47	F
282	Spectrogram 1	1	993.325187352	994.261820004	1031.600	657.400	993.6249	0.3103	993.9062	0.6207	0.2812	0.9366	736.000	976.000	752.000	240.000	21.52	LS
283	Spectrogram 1	1	994.955621968	997.765519925	748.400	151.700	995.4374	0.1685	996.9687	0.7191	1.5312	2.8099	224.000	672.000	240.000	448.000	22.45	F
284	Spectrogram 1	1	1000.818248569	1003.697526722	728.200	121.400	1001.4374	0.2088	1003.0624	0.7802	1.6250	2.8793	304.000	656.000	576.000	352.000	21.21	F
285	Spectrogram 1	1	1004.079117803	1005.466721732	859.700	465.200	1004.4374	0.2558	1004.8749	0.5814	0.4375	1.3876	576.000	736.000	704.000	160.000	24.48	LS
286	Spectrogram 1	1	1005.987073205	1008.484760278	839.400	171.900	1006.3124	0.1266	1007.9374	0.7848	1.6250	2.4977	288.000	640.000	544.000	352.000	22.50	F
287	Spectrogram 1	1	1008.970421653	1009.907054305	1041.700	596.700	1009.2187	0.2414	1009.4999	0.5517	0.2812	0.9366	688.000	928.000	768.000	240.000	23.11	LS
288	Spectrogram 1	1	1010.566166171	1012.578191869	748.400	121.400	1011.0312	0.2222	1012.1874	0.8095	1.1562	2.0120	304.000	608.000	592.000	304.000	24.47	F
289	Spectrogram 1	1	1013.237303735	1014.278006682	890.000	455.100	1013.4062	0.1562	1013.7812	0.5312	0.3750	1.0407	576.000	832.000	640.000	256.000	20.61	LS
290	Spectrogram 1	1	1014.694287861	1016.810383853	708.000	182.000	1015.2187	0.2424	1016.1874	0.7121	0.9688	2.1161	240.000	608.000	592.000	368.000	22.84	F
291	Spectrogram 1	1	1017.191974673	1018.197987522	920.300	515.800	1017.4687	0.2581	1017.8124	0.6129	0.3438	1.0060	608.000	864.000	720.000	256.000	22.70	LS
292	Spectrogram 1	1	1018.787719192	1020.626294398	647.300	171.900	1019.1562	0.1897	1020.3124	0.8276	1.1562	1.8386	288.000	592.000	336.000	304.000	27.68	F
293	Spectrogram 1	1	1021.111955773	1022.083278524	879.900	515.800	1021.4062	0.3000	1021.8437	0.7667	0.4375	0.9713	608.000	768.000	656.000	160.000	26.81	LS
294	Spectrogram 1	1	1022.811770586	1024.962556677	768.600	171.900	1023.1562	0.1618	1024.3124	0.7059	1.1562	2.1508	272.000	592.000	288.000	320.000	23.30	F
295	Spectrogram 1	1	1025.274767561	1026.142020016	930.400	546.100	1025.5312	0.2963	1025.9374	0.7778	0.4062	0.8673	640.000	848.000	704.000	208.000	28.38	LS
296	Spectrogram 1	1	1026.905202177	1028.847847678	788.900	70.800	1027.4062	0.2581	1028.3749	0.7581	0.9688	1.9426	208.000	672.000	256.000	464.000	22.57	F
297	Spectrogram 1	1	1029.055988268	1029.819170429	1031.600	556.200	1029.2812	0.2917	1029.7187	0.8750	0.4375	0.7632	640.000	976.000	960.000	336.000	16.06	LS
298	Spectrogram 1	1	1030.443592197	1032.316857501	758.500	70.800	1030.8124	0.1864	1031.8437	0.7458	1.0312	1.8733	208.000	624.000	240.000	416.000	22.88	F
299	Spectrogram 1	1	1032.837208975	1033.877911921	946.030	475.300	1032.9062	0.0606	1033.6874	0.8182	0.7812	1.0407	544.000	912.000	784.000	368.000	15.78	LS
300	Spectrogram 1	1	1034.120742609	1035.959317815	697.800	121.400	1034.4687	0.1897	1035.5624	0.7931	1.0938	1.8386	208.000	592.000	240.000	384.000	24.54	F
301	Spectrogram 1	1	1053.339056768	1056.079574528	758.500	192.200	1054.5937	0.4598	1055.5937	0.8276	1.0000	2.7405	256.000	576.000	304.000	320.000	19.77	F
302	Spectrogram 1	1	1056.877446787	1058.022220029	890.000	637.200	1057.2812	0.3429	1057.7499	0.7714	0.4688	1.1448	752.000	816.000	800.000	64.000	25.99	LS
303	Spectrogram 1	1	1060.277076414	1062.982904076	758.500	121.400	1061.0937	0.3023	1062.6249	0.8721	1.5312	2.7058	288.000	672.000	320.000	384.000	19.95	F
304	Spectrogram 1	1	1064.058297121	1066.243773309	1142.800	657.400	1064.5624	0.2319	1065.2812	0.5652	0.7188	2.1855	864.000	960.000	880.000	96.000	25.66	L
305	Spectrogram 1	1	1067.770137631	1068.810840578	1486.700	1031.600	1068.0624	0.2812	1068.7499	0.9688	0.6875	1.0407	1152.000	1392.000	1280.000	240.000	18.26	R
306	Spectrogram 1	1	1068.914910873	1070.788176177	1264.200	728.200	1069.2187	0.1525	1070.2187	0.6949	1.0000	1.8733	864.000	1008.000	928.000	144.000	24.25	L
307	Spectrogram 1	1	1072.418610794	1074.638777081	1557.500	697.800	1072.7499	0.1429	1073.7499	0.6000	1.0000	2.2202	912.000	1360.000	992.000	448.000	23.94	L
308	Spectrogram 1	1	1075.679480027	1077.830266118	1557.500	637.200	1075.9999	0.1471	1077.3124	0.7647	1.3125	2.1508	784.000	1392.000	960.000	608.000	23.56	L
309	Spectrogram 1	1	1078.628138117	1079.876981653	1557.500	1152.900	1079.1249	0.3846	1079.6562	0.8205	0.5312	1.2488	1248.000	1456.000	1424.000	208.000	22.74	R
310	Spectrogram 1	1	1080.674853913	1082.790949905	1426.000	647.300	1081.1562	0.2239	1082.2499	0.7463	1.0938	2.1161	784.000	1216.000	784.000	432.000	24.59	L
311	Spectrogram 1	1	1083.866342950	1086.398720120	2164.300	667.500	1084.2499	0.1500	1085.6874	0.7250	1.4375	2.5324	816.000	1440.000	832.000	624.000	21.54	L
312	Spectrogram 1	1	1087.543493362	1089.416758666	2154.200	657.400	1087.7812	0.1186	1088.9999	0.7797	1.2188	1.8733	832.000	1760.000	1152.000	928.000	19.64	L
313	Spectrogram 1	1	1090.388081417	1092.504177409	2265.400	647.300	1090.8749	0.2239	1092.0937	0.8060	1.2188	2.1161	768.000	1856.000	1168.000	1088.000	22.05	L
314	Spectrogram 1	1	1092.955148686	1094.238682320	1476.600	1011.400	1093.4999	0.4250	1093.9374	0.7750	0.4375	1.2835	1168.000	1328.000	1248.000	160.000	21.56	R
315	Spectrogram 1	1	1094.724343695	1096.666989196	2467.700	627.000	1095.0624	0.1639	1096.2499	0.7869	1.1875	1.9426	784.000	1872.000	864.000	1088.000	21.92	L
316	Spectrogram 1	1	1098.089283223	1100.413519805	2548.600	627.000	1098.4687	0.1622	1099.6874	0.6892	1.2188	2.3242	800.000	1760.000	1184.000	960.000	24.04	L
317	Spectrogram 1	1	1101.211392064	1103.847839529	1567.600	758.500	1101.6874	0.1786	1103.1874	0.7500	1.5000	2.6364	832.000	1280.000	848.000	448.000	27.38	L
318	Spectrogram 1	1	1105.166063262	1107.733130531	849.500	151.700	1105.4999	0.1235	1107.1874	0.7901	1.6875	2.5671	288.000	720.000	688.000	432.000	25.82	F
319	Spectrogram 1	1	1108.392242138	1109.537015379	1031.600	495.600	1108.5937	0.1667	1109.0312	0.5556	0.4375	1.1448	688.000	752.000	720.000	64.000	22.13	LS
320	Spectrogram 1	1	1109.641085674	1112.242843041	799.000	141.600	1110.3749	0.2805	1111.4999	0.7195	1.1250	2.6018	256.000	720.000	624.000	464.000	23.83	F
321	Spectrogram 1	1	1112.693814318	1113.873277658	890.000	505.700	1112.9062	0.1667	1113.2187	0.4444	0.3125	1.1795	688.000	800.000	704.000	112.000	25.31	LS
322	Spectrogram 1	1	1114.081418247	1116.509725123	869.800	91.000	1114.7812	0.2857	1116.0937	0.8312	1.3125	2.4283	240.000	672.000	656.000	432.000	24.46	F
323	Spectrogram 1	1	1116.960696400	1117.827948856	910.200	515.800	1117.0937	0.1481	1117.3749	0.4815	0.2812	0.8673	608.000	704.000	624.000	96.000	20.18	LS
324	Spectrogram 1	1	1118.070779544	1120.290945830	819.200	101.100	1118.5937	0.2286	1119.7812	0.7714	1.1875	2.2202	224.000	688.000	688.000	464.000	25.74	F
325	Spectrogram 1	1	1120.637846812	1121.539789366	940.600	566.400	1120.7812	0.1429	1121.0624	0.4643	0.2812	0.9019	720.000	768.000	736.000	48.000	22.74	LS
326	Spectrogram 1	1	1121.956070545	1123.968096242	859.700	111.200	1122.3749	0.2063	1123.4687	0.7619	1.0938	2.0120	208.000	720.000	240.000	512.000	26.43	F
327	Spectrogram 1	1	1124.141546734	1125.147559582	930.400	515.800	1124.3124	0.1613	1124.5624	0.4194	0.2500	1.0060	672.000	736.000	704.000	64.000	25.19	LS
328	Spectrogram 1	1	1125.390390270	1128.061527833	748.400	111.200	1126.0937	0.2619	1127.3124	0.7262	1.2188	2.6711	224.000	656.000	608.000	432.000	24.23	F
329	Spectrogram 1	1	1131.495847558	1134.097604925	920.300	151.700	1132.1562	0.2530	1133.6562	0.8313	1.5000	2.6018	256.000	736.000	272.000	480.000	22.79	F
330	Spectrogram 1	1	1134.513885844	1135.901489773	859.700	525.900	1134.9999	0.3488	1135.3437	0.6047	0.3438	1.3876	656.000	704.000	672.000	48.000	25.71	LS
331	Spectrogram 1	1	1137.254403604	1139.509259989	920.300	131.500	1137.8124	0.2394	1139.0937	0.8169	1.2812	2.2549	240.000	768.000	240.000	528.000	25.24	F
332	Spectrogram 1	1	1139.890851070	1141.209074802	859.700	455.100	1140.4687	0.4390	1140.8124	0.7073	0.3438	1.3182	640.000	784.000	720.000	144.000	26.03	LS
333	Spectrogram 1	1	1141.729426276	1143.845522268	869.800	131.500	1142.3124	0.2687	1143.4999	0.8358	1.1875	2.1161	240.000	736.000	272.000	496.000	25.42	F
334	Spectrogram 1	1	1144.469944036	1145.580027179	940.600	434.900	1144.7187	0.2059	1145.1874	0.6471	0.4688	1.1101	592.000	768.000	736.000	176.000	28.26	LS
335	Spectrogram 1	1	1146.100378653	1147.973643957	890.000	131.500	1146.5624	0.2373	1147.5937	0.7966	1.0312	1.8733	224.000	800.000	240.000	576.000	24.27	F
336	Spectrogram 1	1	1148.389925136	1149.430628083	879.900	455.100	1148.7187	0.3125	1149.1874	0.7812	0.4688	1.0407	576.000	768.000	576.000	192.000	34.17	LS
337	Spectrogram 1	1	1150.089739949	1152.032385450	738.300	101.100	1150.5312	0.2258	1151.4999	0.7258	0.9688	1.9426	224.000	704.000	688.000	480.000	26.22	F
338	Spectrogram 1	1	1152.309906236	1153.524059674	910.200	505.700	1152.7187	0.3421	1153.1562	0.7105	0.4375	1.2142	608.000	768.000	688.000	160.000	30.15	LS
339	Spectrogram 1	1	1154.183171540	1156.125817041	809.100	121.400	1154.5937	0.2097	1155.7812	0.8226	1.1875	1.9426	208.000	720.000	240.000	512.000	24.55	F
340	Spectrogram 1	1	1158.970405096	1161.398711972	819.200	141.600	1159.5624	0.2368	1160.9062	0.8026	1.3438	2.4283	272.000	720.000	272.000	448.000	23.99	F
341	Spectrogram 1	1	1161.826652586	1163.075496122	869.800	505.700	1162.1249	0.2308	1162.6874	0.6923	0.5625	1.2488	576.000	768.000	704.000	192.000	35.00	LS
342	Spectrogram 1	1	1163.561157497	1165.573183194	728.200	91.000	1163.9999	0.2188	1165.3124	0.8750	1.3125	2.0120	240.000	688.000	256.000	448.000	25.15	F
343	Spectrogram 1	1	1166.058844569	1167.307688106	900.100	505.700	1166.4999	0.3590	1167.0624	0.8205	0.5625	1.2488	576.000	752.000	704.000	176.000	33.55	LS
344	Spectrogram 1	1	1167.966799972	1170.013515767	788.900	91.000	1168.4687	0.2462	1169.5312	0.7692	1.0625	2.0467	208.000	672.000	224.000	464.000	22.94	F
345	Spectrogram 1	1	1170.915458321	1173.170314706	819.200	141.600	1171.5937	0.2958	1172.7812	0.8310	1.1875	2.2549	208.000	704.000	240.000	496.000	23.45	F
346	Spectrogram 1	1	1182.553840631	1185.606569276	900.100	131.500	1183.3437	0.2577	1184.7499	0.7216	1.4062	3.0527	272.000	624.000	592.000	352.000	20.13	F
347	Spectrogram 1	1	1189.665310768	1192.440518627	869.800	141.600	1190.2812	0.2159	1191.5624	0.6818	1.2812	2.7752	256.000	704.000	288.000	448.000	23.06	F
348	Spectrogram 1	1	1192.787419609	1193.793432457	940.600	606.800	1193.0312	0.2258	1193.4062	0.6129	0.3750	1.0060	736.000	816.000	752.000	80.000	26.13	LS
349	Spectrogram 1	1	1196.187049235	1198.823496701	910.200	182.000	1196.8124	0.2381	1198.2187	0.7738	1.4062	2.6364	320.000	752.000	672.000	432.000	23.47	F
350	Spectrogram 1	1	118.451176142	118.451176142	3946.753	149.247	118.4374	NaN	118.4374	NaN	0.0000	0.0000	304.000	2496.000	368.000	2192.000	13.97	break
351	Spectrogram 1	1	281.154320297	281.222876049	3731.174	149.247	281.1562	0.0000	281.2187	1.0000	0.0625	0.0686	224.000	2208.000	544.000	1984.000	13.44	break
352	Spectrogram 1	1	404.441018235	404.509573987	3780.923	215.579	404.4687	0.0000	404.4999	1.0000	0.0312	0.0686	240.000	2912.000	288.000	2672.000	12.39	break
353	Spectrogram 1	1	535.082232036	535.082232036	3764.340	248.745	535.0937	NaN	535.0937	NaN	0.0000	0.0000	256.000	2928.000	256.000	2672.000	12.43	break
354	Spectrogram 1	1	765.958693613	766.095805116	3084.437	414.575	765.9687	0.0000	766.0937	1.0000	0.1250	0.1371	448.000	2768.000	464.000	2320.000	12.13	break
355	Spectrogram 1	1	916.471874212	916.471874212	3449.263	447.741	916.4687	NaN	916.4687	NaN	0.0000	0.0000	448.000	2448.000	464.000	2000.000	12.54	break
356	Spectrogram 1	1	1051.505969249	1051.574525001	3631.676	232.162	1051.5312	0.0000	1051.5624	1.0000	0.0312	0.0686	256.000	1568.000	400.000	1312.000	14.03	break
357	Spectrogram 1	1	1195.134675015	1195.203230767	3250.267	315.077	1195.1562	0.0000	1195.1874	1.0000	0.0312	0.0686	352.000	2432.000	592.000	2080.000	12.72	break
