Selection	View	Channel	Begin Time (s)	End Time (s)	High Freq (Hz)	Low Freq (Hz)	Time 5% (s)	Time 5% Rel.	Time 95% (s)	Time 95% Rel.	Dur 90% (s)	Delta Time (s)	Freq 5% (Hz)	Freq 95% (Hz)	Peak Freq (Hz)	BW 90% (Hz)	SNR NIST Quick (dB)	QualName
1	Spectrogram 1	1	0.640060176	10.493419985	3337.481	756.900	1.9687	0.1338	9.8749	0.9395	7.9062	9.8534	816.000	3008.000	1344.000	2192.000	12.59	W3
2	Spectrogram 1	1	12.401314528	21.644734640	3208.533	764.300	13.5624	0.1254	21.1249	0.9458	7.5625	9.2434	816.000	2960.000	1376.000	2144.000	13.04	W3
3	Spectrogram 1	1	22.655326803	31.959362451	3299.556	724.618	24.4374	0.1919	31.1562	0.9158	6.7188	9.3040	832.000	2992.000	1344.000	2160.000	12.82	W3
4	Spectrogram 1	1	32.982806373	36.239218849	869.542	198.317	33.6874	0.2136	35.8749	0.8932	2.1875	3.2564	240.000	576.000	304.000	336.000	20.00	F
5	Spectrogram 1	1	38.565227761	41.263398099	800.894	175.434	39.0937	0.1882	40.7812	0.8235	1.6875	2.6982	208.000	560.000	256.000	352.000	18.65	F
6	Spectrogram 1	1	42.472922734	44.566330754	724.618	152.551	42.8437	0.1667	44.4062	0.9242	1.5625	2.0934	208.000	608.000	208.000	400.000	20.31	F
7	Spectrogram 1	1	45.581327589	48.326018106	839.032	183.061	46.1874	0.2184	48.1249	0.9310	1.9375	2.7447	224.000	592.000	368.000	368.000	19.87	F
8	Spectrogram 1	1	49.163381314	51.815031474	808.521	190.689	49.8437	0.2500	51.4062	0.8452	1.5625	2.6517	224.000	432.000	256.000	208.000	19.76	F
9	Spectrogram 1	1	77.084613817	89.924183012	3140.267	755.128	79.2187	0.1659	89.0312	0.9317	9.8125	12.8396	864.000	2832.000	1344.000	1968.000	12.86	W4
10	Spectrogram 1	1	91.738469963	103.787196127	3208.533	747.501	93.3749	0.1351	102.9999	0.9351	9.6250	12.0487	848.000	2944.000	1360.000	2096.000	13.42	W4
11	Spectrogram 1	1	105.217945598	115.964106771	3193.363	770.384	107.4062	0.2041	115.4374	0.9534	8.0312	10.7462	864.000	3056.000	864.000	2192.000	14.14	W3
12	Spectrogram 1	1	117.359712118	126.989389014	3232.334	762.756	118.8124	0.1498	126.3749	0.9381	7.5625	9.6297	832.000	2896.000	1360.000	2064.000	14.32	W3
13	Spectrogram 1	1	128.478034718	138.107711614	3061.311	770.384	130.2812	0.1857	137.5312	0.9414	7.2500	9.6297	832.000	2816.000	1248.000	1984.000	14.14	W3
14	Spectrogram 1	1	139.311718130	142.521610429	739.873	198.317	140.0624	0.2353	142.0312	0.8529	1.9688	3.2099	240.000	656.000	256.000	416.000	21.58	F
15	Spectrogram 1	1	144.568498272	147.220148431	800.894	160.179	145.1562	0.2143	146.8437	0.8571	1.6875	2.6517	224.000	656.000	304.000	432.000	21.58	F
16	Spectrogram 1	1	148.243592353	150.616121443	793.266	183.061	148.7187	0.2000	150.1249	0.8000	1.4062	2.3725	240.000	544.000	240.000	304.000	22.44	F
17	Spectrogram 1	1	151.313924116	153.686453207	716.991	175.434	151.9062	0.2432	153.3749	0.8784	1.4688	2.3725	240.000	560.000	256.000	320.000	23.35	F
18	Spectrogram 1	1	156.896345505	159.268874596	755.128	190.689	157.6249	0.3067	158.6874	0.7600	1.0625	2.3725	224.000	464.000	256.000	240.000	20.99	F
19	Spectrogram 1	1	160.106237804	162.246166003	808.521	190.689	160.6874	0.2687	161.8749	0.8358	1.1875	2.1399	240.000	576.000	256.000	336.000	21.60	F
20	Spectrogram 1	1	181.620864902	196.042120157	3121.169	785.639	183.9687	0.1627	195.3437	0.9523	11.3750	14.4213	880.000	2720.000	1328.000	1840.000	12.50	W4
21	Spectrogram 1	1	197.716846573	208.137366499	3146.823	778.011	199.0624	0.1291	207.4374	0.9339	8.3750	10.4205	832.000	2976.000	1344.000	2144.000	12.81	W3
22	Spectrogram 1	1	210.117572369	220.352011582	3215.232	732.246	211.4374	0.1284	219.5937	0.9266	8.1562	10.2344	832.000	2992.000	1088.000	2160.000	13.11	W3
23	Spectrogram 1	1	221.375455504	231.098172756	3172.476	739.873	223.0624	0.1710	230.4374	0.9323	7.3750	9.7227	832.000	2992.000	1344.000	2160.000	13.42	W3
24	Spectrogram 1	1	233.036251318	242.061165896	3232.334	694.108	234.4062	0.1498	241.4999	0.9408	7.0938	9.0249	784.000	3120.000	1216.000	2336.000	13.72	W3
25	Spectrogram 1	1	242.898529105	245.829300334	747.501	190.689	243.8124	0.3118	245.4062	0.8602	1.5938	2.9308	240.000	592.000	304.000	352.000	18.50	F
26	Spectrogram 1	1	247.922708355	250.806959405	739.873	175.434	248.6874	0.2637	250.4062	0.8681	1.7188	2.8843	224.000	512.000	240.000	288.000	20.34	F
27	Spectrogram 1	1	251.783883148	254.249452595	785.639	198.317	252.8124	0.4156	253.9999	0.9091	1.1875	2.4656	224.000	512.000	240.000	288.000	20.97	F
28	Spectrogram 1	1	255.226376338	257.784986142	709.363	175.434	256.1249	0.3457	257.4374	0.8642	1.3125	2.5586	224.000	464.000	256.000	240.000	21.50	F
29	Spectrogram 1	1	260.936982790	263.076910989	861.914	160.179	261.5312	0.2794	262.8124	0.8824	1.2812	2.1399	208.000	512.000	304.000	304.000	20.59	F
30	Spectrogram 1	1	264.053834733	266.426363823	861.914	167.806	265.1249	0.4533	265.9687	0.8133	0.8438	2.3725	224.000	448.000	240.000	224.000	19.99	F
31	Spectrogram 1	1	285.402542328	298.335151879	3067.715	724.618	287.2187	0.1404	298.1874	0.9903	10.9688	12.9326	800.000	2768.000	816.000	1968.000	12.79	W4
32	Spectrogram 1	1	299.637716870	312.291205351	3110.561	747.501	301.4374	0.1411	311.8124	0.9629	10.3750	12.6535	832.000	2928.000	1200.000	2096.000	13.59	W4
33	Spectrogram 1	1	313.314649273	323.223447238	3144.837	755.128	315.5624	0.2247	322.7499	0.9525	7.1875	9.9088	816.000	2672.000	1200.000	1856.000	14.36	W3
34	Spectrogram 1	1	324.343199137	334.019396211	3170.544	724.618	326.7499	0.2492	333.4999	0.9482	6.7500	9.6762	816.000	2656.000	816.000	1840.000	14.79	W3
35	Spectrogram 1	1	335.135880489	345.323799523	3076.285	732.246	337.6249	0.2431	344.7812	0.9477	7.1562	10.1879	800.000	2352.000	816.000	1552.000	14.18	W3
36	Spectrogram 1	1	346.114642554	349.045413783	739.873	183.061	346.8749	0.2581	348.6562	0.8710	1.7812	2.9308	240.000	688.000	304.000	448.000	24.49	F
37	Spectrogram 1	1	351.278382338	353.836992142	831.404	190.689	352.0624	0.3086	353.3749	0.8272	1.3125	2.5586	224.000	560.000	240.000	336.000	24.46	F
38	Spectrogram 1	1	354.674355350	357.326005510	854.287	190.689	355.4999	0.3095	356.9687	0.8690	1.4688	2.6517	224.000	560.000	240.000	336.000	24.12	F
39	Spectrogram 1	1	359.415358730	362.020488712	846.659	183.061	360.3124	0.3415	361.6249	0.8537	1.3125	2.6051	224.000	512.000	240.000	288.000	23.93	F
40	Spectrogram 1	1	362.625251029	365.090820476	816.149	175.434	363.2499	0.2468	364.8124	0.8961	1.5625	2.4656	224.000	592.000	352.000	368.000	23.88	F
41	Spectrogram 1	1	388.544651383	400.546857369	2870.628	739.873	390.5312	0.1645	400.1874	0.9713	9.6562	12.0022	816.000	2240.000	816.000	1424.000	13.16	W4
42	Spectrogram 1	1	401.709861825	411.665179969	2999.163	732.246	403.9687	0.2264	411.0624	0.9403	7.0938	9.9553	816.000	2512.000	816.000	1696.000	13.97	W3
43	Spectrogram 1	1	412.735144068	423.341744707	3016.301	770.384	415.1562	0.2278	422.8749	0.9586	7.7188	10.6066	816.000	2640.000	1168.000	1824.000	14.92	W3
44	Spectrogram 1	1	425.056008700	435.476528626	3076.285	762.756	427.2812	0.2132	435.0624	0.9610	7.7812	10.4205	816.000	2816.000	816.000	2000.000	15.11	W3
45	Spectrogram 1	1	436.593012904	446.827452117	3016.301	755.128	438.5312	0.1896	446.3437	0.9541	7.8125	10.2344	816.000	2672.000	848.000	1856.000	14.08	W3
46	Spectrogram 1	1	447.612777029	451.055270219	770.384	198.317	448.4687	0.2477	450.6874	0.8991	2.2188	3.4425	224.000	672.000	288.000	448.000	22.53	F
47	Spectrogram 1	1	453.334758953	456.032929291	854.287	190.689	454.4687	0.4186	455.6562	0.8605	1.1875	2.6982	224.000	496.000	288.000	272.000	21.65	F
48	Spectrogram 1	1	457.056373212	459.801063728	778.011	198.317	458.1874	0.4138	459.3437	0.8391	1.1562	2.7447	224.000	448.000	240.000	224.000	21.94	F
49	Spectrogram 1	1	462.220112997	464.778722800	831.404	160.179	462.9687	0.2875	464.2499	0.8000	1.2812	2.5586	224.000	592.000	288.000	368.000	21.83	F
50	Spectrogram 1	1	465.709126365	468.128175633	861.914	160.179	466.4374	0.2987	467.5624	0.7662	1.1250	2.4190	224.000	608.000	240.000	384.000	22.91	F
51	Spectrogram 1	1	468.872498485	471.012426684	839.032	190.689	469.9374	0.5000	470.6874	0.8529	0.7500	2.1399	224.000	416.000	240.000	192.000	21.48	F
52	Spectrogram 1	1	495.638048371	510.477985229	3187.682	762.756	497.7812	0.1435	510.0312	0.9705	12.2500	14.8399	848.000	2912.000	1008.000	2064.000	13.68	W5
53	Spectrogram 1	1	511.985667479	522.173586514	3024.870	747.501	513.9374	0.1908	521.4687	0.9323	7.5312	10.1879	800.000	2768.000	1264.000	1968.000	14.88	W3
54	Spectrogram 1	1	523.585299438	533.401057047	3050.577	755.128	525.3749	0.1821	532.7499	0.9361	7.3750	9.8158	848.000	2896.000	992.000	2048.000	14.96	W3
55	Spectrogram 1	1	534.936222929	544.240258577	3187.682	701.736	536.6249	0.1818	543.9687	0.9731	7.3438	9.3040	800.000	2912.000	1120.000	2112.000	14.77	W3
56	Spectrogram 1	1	546.178337139	556.087135104	3170.544	747.501	547.9374	0.1772	555.6874	0.9620	7.7500	9.9088	816.000	2816.000	1232.000	2000.000	14.78	W3
57	Spectrogram 1	1	557.250139560	560.553072215	770.384	198.317	557.9687	0.2115	560.2812	0.9231	2.3125	3.3029	256.000	656.000	288.000	400.000	24.73	F
58	Spectrogram 1	1	562.786040770	565.251610217	861.914	183.061	563.5312	0.2949	564.8749	0.8462	1.3438	2.4656	224.000	560.000	224.000	336.000	23.20	F
59	Spectrogram 1	1	565.995933069	568.694103407	755.128	183.061	567.0624	0.3953	568.3749	0.8837	1.3125	2.6982	224.000	592.000	288.000	368.000	23.40	F
60	Spectrogram 1	1	571.717914993	573.904363370	709.363	183.061	572.9999	0.5942	573.6874	0.9130	0.6875	2.1864	224.000	448.000	240.000	224.000	20.60	F
61	Spectrogram 1	1	575.253448539	577.300336381	839.032	183.061	576.1562	0.4375	577.0312	0.8750	0.8750	2.0469	224.000	528.000	288.000	304.000	22.72	F
62	Spectrogram 1	1	606.742430326	621.486398443	3033.439	732.246	609.0312	0.1550	621.1249	0.9766	12.0938	14.7440	768.000	2096.000	784.000	1328.000	12.56	W5
63	Spectrogram 1	1	622.854519575	633.786761461	3221.958	770.384	625.2187	0.2149	633.2499	0.9513	8.0312	10.9322	800.000	1872.000	976.000	1072.000	13.93	W3
64	Spectrogram 1	1	635.368447522	645.230725309	3239.096	724.618	637.2499	0.1905	644.7187	0.9492	7.4688	9.8623	768.000	1552.000	768.000	784.000	15.03	W3
65	Spectrogram 1	1	646.517521375	656.193718449	2836.351	732.246	648.4062	0.1942	655.7187	0.9515	7.3125	9.6762	768.000	1408.000	768.000	640.000	14.82	W3
66	Spectrogram 1	1	657.217162370	660.147933599	724.618	183.061	658.1249	0.3118	659.8749	0.9140	1.7500	2.9308	224.000	672.000	272.000	448.000	27.12	F
67	Spectrogram 1	1	662.566982868	664.939511958	800.894	190.689	663.0624	0.2000	664.5624	0.8400	1.5000	2.3725	224.000	736.000	272.000	512.000	22.37	F
68	Spectrogram 1	1	665.916435701	668.847206930	800.894	190.689	666.7812	0.2903	668.2187	0.7849	1.4375	2.9308	240.000	704.000	272.000	464.000	24.26	F
69	Spectrogram 1	1	669.358928891	672.382740477	755.128	183.061	669.9999	0.2083	671.7499	0.7917	1.7500	3.0238	208.000	672.000	272.000	464.000	23.30	F
70	Spectrogram 1	1	675.034390636	677.313879370	701.736	183.061	675.7812	0.3194	676.9999	0.8611	1.2188	2.2795	208.000	640.000	224.000	432.000	25.28	F
71	Spectrogram 1	1	679.500327747	681.640255946	716.991	160.179	679.9687	0.2090	681.2187	0.8060	1.2500	2.1399	208.000	672.000	224.000	464.000	22.43	F
72	Spectrogram 1	1	682.841333494	684.981261694	778.011	175.434	683.1562	0.1471	684.5937	0.8235	1.4375	2.1399	240.000	736.000	272.000	496.000	24.18	F
73	Spectrogram 1	1	685.818624902	688.284194349	823.777	183.061	686.4062	0.2308	687.9687	0.8718	1.5625	2.4656	240.000	656.000	272.000	416.000	23.84	F
74	Spectrogram 1	1	689.168077735	691.540606825	762.756	175.434	689.6562	0.2000	691.2499	0.8800	1.5938	2.3725	224.000	672.000	272.000	448.000	23.85	F
75	Spectrogram 1	1	704.754141166	706.834369995	671.225	183.061	705.2812	0.2462	706.5624	0.8769	1.2812	2.0802	224.000	656.000	640.000	432.000	24.05	F
76	Spectrogram 1	1	709.964401129	722.943530858	2853.490	709.363	712.4062	0.1880	722.4687	0.9639	10.0625	12.9791	752.000	1632.000	800.000	880.000	13.28	W4
77	Spectrogram 1	1	724.124107376	734.451586946	3393.339	716.991	726.4374	0.2242	733.8749	0.9455	7.4375	10.3275	800.000	1424.000	1056.000	624.000	12.98	W3
78	Spectrogram 1	1	735.707631758	745.942070971	3084.854	716.991	738.0624	0.2294	745.4999	0.9572	7.4375	10.2344	800.000	1648.000	816.000	848.000	13.32	W3
79	Spectrogram 1	1	747.220080715	757.547560284	3016.301	732.246	749.3749	0.2067	757.1562	0.9635	7.7812	10.3275	784.000	1728.000	800.000	944.000	12.98	W3
80	Spectrogram 1	1	758.710564740	768.572842527	2853.490	694.108	761.1249	0.2444	768.3124	0.9746	7.1875	9.8623	736.000	1712.000	752.000	976.000	13.18	W3
81	Spectrogram 1	1	769.667700526	772.691512112	724.618	183.061	770.4062	0.2396	772.2812	0.8646	1.8750	3.0238	224.000	688.000	272.000	464.000	24.11	F
82	Spectrogram 1	1	774.738399955	777.297009758	816.149	183.061	775.4374	0.2716	776.7187	0.7778	1.2812	2.5586	224.000	656.000	272.000	432.000	23.33	F
83	Spectrogram 1	1	778.041332610	780.320821343	762.756	190.689	778.6874	0.2778	779.9374	0.8333	1.2500	2.2795	224.000	656.000	256.000	432.000	24.39	F
84	Spectrogram 1	1	803.235445491	805.607974582	648.343	175.434	803.9062	0.2800	805.0624	0.7733	1.1562	2.3725	224.000	592.000	256.000	368.000	20.40	F
85	Spectrogram 1	1	808.492226800	821.564396885	3042.008	732.246	810.2812	0.1364	820.6249	0.9282	10.3438	13.0722	784.000	2592.000	832.000	1808.000	13.09	W4
86	Spectrogram 1	1	822.327756283	835.446446547	3042.008	747.501	825.0624	0.2076	834.9374	0.9618	9.8750	13.1187	816.000	2656.000	880.000	1840.000	12.71	W4
87	Spectrogram 1	1	836.516410646	847.727773602	3179.113	770.384	839.1562	0.2346	847.2499	0.9581	8.0938	11.2114	800.000	2656.000	832.000	1856.000	12.26	W3
88	Spectrogram 1	1	848.822631602	858.964030458	3007.732	701.736	851.0312	0.2167	858.4374	0.9505	7.4062	10.1414	736.000	2688.000	816.000	1952.000	12.76	W3
89	Spectrogram 1	1	860.051566619	863.075378205	846.659	167.806	860.8749	0.2708	862.6874	0.8750	1.8125	3.0238	224.000	704.000	304.000	480.000	19.87	F
90	Spectrogram 1	1	865.215306404	867.913476742	846.659	175.434	866.0937	0.3256	867.4062	0.8140	1.3125	2.6982	224.000	560.000	256.000	336.000	21.50	F
91	Spectrogram 1	1	868.843880307	871.262929575	755.128	167.806	869.8437	0.4079	870.9062	0.8553	1.0625	2.4190	224.000	592.000	256.000	368.000	21.26	F
92	Spectrogram 1	1	872.146812962	874.426301696	839.032	167.806	873.1249	0.4306	874.0624	0.8472	0.9375	2.2795	208.000	432.000	256.000	224.000	21.80	F
93	Spectrogram 1	1	877.031431677	879.124839698	816.149	175.434	877.7499	0.3385	878.8124	0.8615	1.0625	2.0934	208.000	464.000	256.000	256.000	23.40	F
94	Spectrogram 1	1	880.148283619	882.427772353	839.032	160.179	880.9999	0.3750	881.9999	0.8194	1.0000	2.2795	208.000	464.000	224.000	256.000	22.02	F
95	Spectrogram 1	1	897.572063417	899.665471438	648.343	175.434	898.4062	0.3939	899.4999	0.9242	1.0938	2.0934	208.000	624.000	256.000	416.000	18.92	F
96	Spectrogram 1	1	903.744603447	915.886369968	3110.561	701.736	904.9062	0.0954	915.4687	0.9665	10.5625	12.1418	768.000	2672.000	768.000	1904.000	12.38	W4
97	Spectrogram 1	1	916.994407159	927.740568333	2956.318	732.246	919.1562	0.2012	927.3437	0.9650	8.1875	10.7462	784.000	2448.000	848.000	1664.000	13.08	W3
98	Spectrogram 1	1	928.717492076	939.452348633	3076.285	724.618	931.1874	0.2303	938.9062	0.9504	7.7188	10.7349	768.000	2688.000	848.000	1920.000	13.24	W3
99	Spectrogram 1	1	940.322981389	949.627017037	3196.251	686.480	941.8749	0.1650	949.3124	0.9663	7.4375	9.3040	736.000	2864.000	768.000	2128.000	13.19	W3
100	Spectrogram 1	1	950.557420602	953.395151474	823.777	167.806	951.3437	0.2778	953.1562	0.9222	1.8125	2.8377	224.000	656.000	272.000	432.000	20.44	F
101	Spectrogram 1	1	955.767680565	958.186729833	816.149	167.806	956.6562	0.3684	957.9687	0.9211	1.3125	2.4190	208.000	576.000	256.000	368.000	20.55	F
102	Spectrogram 1	1	959.256693933	961.768783558	678.853	183.061	960.3124	0.4177	961.4999	0.8987	1.1875	2.5121	224.000	432.000	256.000	208.000	21.52	F
103	Spectrogram 1	1	968.142047977	970.281976176	716.991	160.179	968.6562	0.2353	969.9999	0.8676	1.3438	2.1399	208.000	688.000	320.000	480.000	22.16	F
104	Spectrogram 1	1	971.997704653	984.372072065	3059.146	701.736	974.0312	0.1646	983.8749	0.9620	9.8438	12.3744	752.000	2704.000	752.000	1952.000	12.78	W4
105	Spectrogram 1	1	985.876825346	995.087820638	3067.715	671.225	987.4374	0.1672	994.5624	0.9454	7.1250	9.2110	720.000	2640.000	752.000	1920.000	13.39	W3
106	Spectrogram 1	1	996.204304915	1005.368780029	3170.544	686.480	998.1249	0.2089	1005.0312	0.9658	6.9062	9.1645	736.000	2640.000	736.000	1904.000	13.43	W3
112	Spectrogram 1	1	1177.567878460	1179.661286481	663.598	129.669	1177.7187	0.0606	1179.2499	0.8030	1.5312	2.0934	192.000	608.000	208.000	416.000	15.17	F
113	Spectrogram 1	1	1179.893887372	1180.917331293	907.680	625.460	1180.0624	0.1562	1180.7187	0.8125	0.6562	1.0234	672.000	752.000	672.000	80.000	22.78	LS
114	Spectrogram 1	1	1182.989112452	1196.383565365	3144.837	694.108	1184.8749	0.1402	1195.5312	0.9369	10.6562	13.3945	736.000	2208.000	752.000	1472.000	12.99	W4
115	Spectrogram 1	1	67.050505456	67.050505456	2578.963	386.844	67.0624	NaN	67.0624	NaN	0.0000	0.0000	432.000	2272.000	864.000	1840.000	13.88	break
116	Spectrogram 1	1	170.066083567	170.066083567	2882.370	485.452	170.0624	NaN	170.0624	NaN	0.0000	0.0000	560.000	2512.000	576.000	1952.000	11.70	break
117	Spectrogram 1	1	272.544620719	272.544620719	3170.607	295.822	272.5312	NaN	272.5312	NaN	0.0000	0.0000	304.000	2704.000	304.000	2400.000	10.91	break
118	Spectrogram 1	1	376.001211211	376.001211211	2776.178	288.237	375.9999	NaN	375.9999	NaN	0.0000	0.0000	320.000	1776.000	400.000	1456.000	13.63	break
119	Spectrogram 1	1	481.501514565	481.501514565	2745.837	348.919	481.4999	NaN	481.4999	NaN	0.0000	0.0000	384.000	848.000	640.000	464.000	11.68	break
120	Spectrogram 1	1	592.349166552	592.417722303	2889.956	371.674	592.3749	0.0000	592.4062	1.0000	0.0312	0.0686	400.000	2512.000	416.000	2112.000	11.42	break
121	Spectrogram 1	1	700.230648399	700.573427158	2434.844	439.941	700.2499	0.0000	700.5624	1.0000	0.3125	0.3428	496.000	2224.000	608.000	1728.000	11.99	break
122	Spectrogram 1	1	795.311255107	795.585478114	2859.615	402.015	795.3124	0.0000	795.5624	1.0000	0.2500	0.2742	448.000	2432.000	720.000	1984.000	13.53	break
123	Spectrogram 1	1	890.391861815	890.666084822	2450.015	303.407	890.4062	0.0000	890.6562	1.0000	0.2500	0.2742	368.000	832.000	384.000	464.000	13.53	break
124	Spectrogram 1	1	964.228608483	964.365719986	2867.200	227.556	964.2499	0.0000	964.3437	1.0000	0.0938	0.1371	240.000	2240.000	256.000	2000.000	13.09	break
125	Spectrogram 1	1	1171.311688704	1171.380244456	2843.905	184.417	1171.3124	0.0000	1171.3749	1.0000	0.0625	0.0686	256.000	2384.000	1776.000	2128.000	14.51	break
