Selection	View	Channel	Begin Time (s)	End Time (s)	High Freq (Hz)	Low Freq (Hz)	Time 5% (s)	Time 5% Rel.	Time 95% (s)	Time 95% Rel.	Dur 90% (s)	Delta Time (s)	Freq 5% (Hz)	Freq 95% (Hz)	Peak Freq (Hz)	BW 90% (Hz)	SNR NIST Quick (dB)	Qual Name
1	Spectrogram 1	1	0.789500000	16.184208880	3117.511	857.126	3.5624	0.1792	13.7187	0.8411	10.1562	15.3947	944.000	2768.000	1088.000	1824.000	15.43	W6
2	Spectrogram 1	1	17.105261418	29.144733877	3087.170	515.793	18.7187	0.1328	28.2187	0.9245	9.5000	12.0395	608.000	2368.000	1232.000	1760.000	16.05	W4
3	Spectrogram 1	1	160.792665590	171.778747015	3530.105	778.700	161.7499	0.0857	171.1562	0.9457	9.4062	10.9861	912.000	3264.000	1152.000	2352.000	14.71	W4
4	Spectrogram 1	1	173.167033002	185.634440770	4080.400	732.000	174.8749	0.1357	184.9999	0.9497	10.1250	12.4674	880.000	3392.000	1664.000	2512.000	15.50	W4
5	Spectrogram 1	1	186.931487643	199.352375233	3625.646	950.507	188.6562	0.1385	198.3124	0.9169	9.6562	12.4209	1040.000	3024.000	1328.000	1984.000	16.53	W4
6	Spectrogram 1	1	200.282778798	212.796706745	3664.842	591.800	201.8437	0.1228	211.4999	0.8972	9.6562	12.5139	688.000	2752.000	1296.000	2064.000	17.27	W4
7	Spectrogram 1	1	213.075827814	224.101110057	3527.656	646.300	214.7187	0.1477	223.5624	0.9517	8.8438	11.0253	672.000	2656.000	688.000	1984.000	16.21	W4
8	Spectrogram 1	1	225.450534463	236.219955725	3419.866	661.900	227.0624	0.1483	235.4687	0.9302	8.4062	10.7694	688.000	2256.000	688.000	1568.000	15.64	W4
9	Spectrogram 1	1	237.406220270	246.216106020	3498.258	630.800	239.1249	0.1929	245.7499	0.9500	6.6250	8.8099	672.000	1616.000	704.000	944.000	15.92	W3
10	Spectrogram 1	1	247.052669328	250.262561626	661.900	272.500	247.4687	0.1275	249.9062	0.8922	2.4375	3.2099	352.000	640.000	384.000	288.000	29.80	F
11	Spectrogram 1	1	251.262745459	254.240036866	661.900	257.000	251.5624	0.0957	253.7187	0.8298	2.1562	2.9773	304.000	640.000	320.000	336.000	28.82	F
12	Spectrogram 1	1	255.333261055	258.543153353	669.700	241.400	255.7187	0.1176	258.0624	0.8529	2.3438	3.2099	304.000	640.000	640.000	336.000	28.79	F
13	Spectrogram 1	1	259.682897720	262.567148771	661.900	225.800	259.9687	0.0978	262.0937	0.8370	2.1250	2.8843	272.000	640.000	576.000	368.000	26.18	F
14	Spectrogram 1	1	265.046326213	268.139918066	685.300	194.700	265.4374	0.1224	267.8124	0.8980	2.3750	3.0936	224.000	640.000	240.000	416.000	28.17	F
15	Spectrogram 1	1	282.109257962	295.727677630	3557.053	685.300	283.2812	0.0851	295.4062	0.9770	12.1250	13.6184	704.000	3104.000	768.000	2400.000	15.47	W5
16	Spectrogram 1	1	297.175045904	310.069781434	3606.048	879.900	298.9687	0.1383	309.6562	0.9684	10.6875	12.8947	992.000	2960.000	1008.000	1968.000	15.78	W4
17	Spectrogram 1	1	311.714518109	323.227674832	3606.048	926.700	313.6249	0.1658	322.6874	0.9538	9.0625	11.5132	960.000	3024.000	1120.000	2064.000	16.60	W4
18	Spectrogram 1	1	324.644568075	335.960356398	3664.842	677.500	326.4374	0.1579	335.4999	0.9612	9.0625	11.3158	736.000	2912.000	912.000	2176.000	16.59	W4
19	Spectrogram 1	1	337.473514138	348.591934060	3537.455	623.000	339.2187	0.1554	348.0312	0.9520	8.8125	11.1184	752.000	2512.000	976.000	1760.000	16.86	W4
20	Spectrogram 1	1	350.273957231	359.155535274	3468.861	615.200	352.1249	0.2085	358.9374	0.9788	6.8125	8.8816	640.000	1776.000	752.000	1136.000	16.69	W3
21	Spectrogram 1	1	360.339745680	363.695008497	669.700	264.800	360.7187	0.1121	363.0312	0.8037	2.3125	3.3553	352.000	624.000	384.000	272.000	29.97	F
22	Spectrogram 1	1	364.681850502	367.839744917	669.700	257.000	364.9374	0.0800	367.2812	0.8300	2.3438	3.1579	304.000	624.000	384.000	320.000	29.63	F
23	Spectrogram 1	1	368.695007988	371.721323470	654.100	241.400	368.9062	0.0625	371.1249	0.8021	2.2188	3.0263	304.000	640.000	608.000	336.000	28.09	F
24	Spectrogram 1	1	372.445007607	375.537112555	669.700	241.400	372.9999	0.1735	374.9999	0.8265	2.0000	3.0921	272.000	624.000	592.000	352.000	27.91	F
25	Spectrogram 1	1	378.168691235	381.063427783	693.000	202.500	378.4999	0.1087	380.7499	0.8913	2.2500	2.8947	224.000	640.000	608.000	416.000	29.51	F
26	Spectrogram 1	1	395.022088071	408.772086672	3762.833	732.000	396.0624	0.0752	408.1249	0.9544	12.0625	13.7500	768.000	3408.000	800.000	2640.000	15.76	W5
27	Spectrogram 1	1	410.068157159	422.436576953	3635.445	981.200	411.9687	0.1523	421.9999	0.9670	10.0312	12.3684	1056.000	3104.000	1088.000	2048.000	16.54	W4
28	Spectrogram 1	1	423.998135200	436.169186593	3557.053	958.500	425.8437	0.1517	435.5937	0.9537	9.7500	12.1711	1008.000	2912.000	1008.000	1904.000	16.86	W4
29	Spectrogram 1	1	437.550765400	448.932343190	3459.062	872.900	439.0937	0.1350	448.4062	0.9559	9.3125	11.3816	960.000	2912.000	1008.000	1952.000	16.66	W4
30	Spectrogram 1	1	450.708658799	461.629710319	3527.656	600.300	452.1874	0.1347	460.9687	0.9398	8.7812	10.9211	640.000	2912.000	896.000	2272.000	16.89	W4
31	Spectrogram 1	1	463.254906822	471.807537531	3557.053	545.800	464.7812	0.1765	471.5937	0.9779	6.8125	8.5526	624.000	2496.000	704.000	1872.000	17.28	W3
32	Spectrogram 1	1	472.662800602	476.083852886	685.300	280.300	472.9687	0.0833	475.4999	0.8333	2.5312	3.4211	336.000	624.000	384.000	288.000	27.58	F
33	Spectrogram 1	1	477.268063292	480.294378773	770.900	249.200	477.4062	0.0417	479.7812	0.8333	2.3750	3.0263	320.000	640.000	592.000	320.000	26.03	F
34	Spectrogram 1	1	481.149641844	483.912799458	724.200	233.600	481.4687	0.1136	483.5937	0.8864	2.1250	2.7632	256.000	624.000	608.000	368.000	27.30	F
35	Spectrogram 1	1	486.544378138	489.636483086	708.600	210.300	486.9687	0.1327	489.2187	0.8673	2.2500	3.0921	256.000	608.000	272.000	352.000	23.65	F
36	Spectrogram 1	1	490.689114558	493.189114304	716.400	218.000	490.8437	0.0506	492.9374	0.8987	2.0938	2.5000	256.000	608.000	560.000	352.000	27.06	F
37	Spectrogram 1	1	509.209118132	522.498590465	3439.464	778.700	510.3437	0.0849	521.9999	0.9646	11.6562	13.2895	816.000	2688.000	1024.000	1872.000	15.18	W5
38	Spectrogram 1	1	523.682800871	537.761746807	3410.067	903.300	525.4374	0.1244	536.9687	0.9444	11.5312	14.0789	960.000	2656.000	1008.000	1696.000	16.60	W5
39	Spectrogram 1	1	539.077536147	550.130166601	3302.278	778.700	540.7187	0.1473	549.3749	0.9320	8.6562	11.0526	880.000	2608.000	1024.000	1728.000	16.58	W4
40	Spectrogram 1	1	551.433048677	563.143573801	3174.890	576.200	553.0937	0.1417	562.5937	0.9545	9.5000	11.7105	624.000	1856.000	1024.000	1232.000	17.13	W4
41	Spectrogram 1	1	564.722521009	573.143572784	3204.287	591.800	566.1874	0.1716	572.6562	0.9440	6.4688	8.4211	624.000	1552.000	688.000	928.000	17.65	W3
42	Spectrogram 1	1	574.196204256	577.354098672	677.500	257.000	574.4999	0.0900	576.8437	0.8400	2.3438	3.1579	352.000	640.000	384.000	288.000	31.82	F
43	Spectrogram 1	1	578.209361743	581.564624559	677.500	264.800	578.6249	0.1215	581.0624	0.8505	2.4375	3.3553	304.000	640.000	592.000	336.000	28.54	F
44	Spectrogram 1	1	583.340940168	586.564624050	661.900	233.600	583.7187	0.1165	586.2812	0.9126	2.5625	3.2237	272.000	640.000	624.000	368.000	28.85	F
45	Spectrogram 1	1	587.551466055	590.709360471	716.400	233.600	587.8437	0.0900	590.2499	0.8600	2.4062	3.1579	272.000	672.000	592.000	400.000	27.06	F
46	Spectrogram 1	1	591.630413009	594.327781155	677.500	233.600	591.9062	0.0941	593.9374	0.8588	2.0312	2.6974	256.000	624.000	272.000	368.000	27.98	F
47	Spectrogram 1	1	597.288307170	600.380412119	693.000	194.700	597.5624	0.0816	599.9687	0.8673	2.4062	3.0921	240.000	656.000	624.000	416.000	27.56	F
48	Spectrogram 1	1	614.507937836	628.257936438	3419.866	669.700	615.4999	0.0706	627.5624	0.9499	12.0625	13.7500	704.000	3152.000	704.000	2448.000	15.94	W5
49	Spectrogram 1	1	629.507936311	642.073724506	3439.464	895.500	631.4374	0.1521	641.4374	0.9501	10.0000	12.5658	1040.000	2912.000	1056.000	1872.000	16.76	W4
50	Spectrogram 1	1	643.126355978	655.494775772	3449.263	786.500	645.3437	0.1777	654.8749	0.9518	9.5312	12.3684	896.000	2656.000	1024.000	1760.000	16.69	W4
51	Spectrogram 1	1	656.769154283	668.019153138	3459.062	685.300	658.5937	0.1616	667.3437	0.9415	8.7500	11.2500	752.000	2512.000	1024.000	1760.000	16.56	W4
52	Spectrogram 1	1	669.532310879	678.348099456	3743.234	599.600	671.0312	0.1673	677.7499	0.9324	6.7188	8.8158	624.000	2112.000	624.000	1488.000	16.87	W3
53	Spectrogram 1	1	679.005994126	682.690204278	677.500	295.900	679.5624	0.1453	681.9999	0.8120	2.4375	3.6842	368.000	640.000	416.000	272.000	27.78	F
54	Spectrogram 1	1	683.479677882	686.900730165	661.900	241.400	683.8124	0.0926	686.2812	0.8241	2.4688	3.4211	352.000	640.000	368.000	288.000	29.78	F
55	Spectrogram 1	1	687.887572170	690.913887652	763.100	233.600	688.1249	0.0729	690.5937	0.8958	2.4688	3.0263	272.000	688.000	560.000	416.000	28.04	F
56	Spectrogram 1	1	693.019150595	696.505992346	732.000	202.500	693.5312	0.1441	696.0937	0.8829	2.5625	3.4868	240.000	672.000	640.000	432.000	26.09	F
57	Spectrogram 1	1	715.052347087	728.736556221	3537.455	716.400	715.6874	0.0458	728.2187	0.9634	12.5312	13.6842	784.000	3040.000	832.000	2256.000	15.34	W5
58	Spectrogram 1	1	729.920766627	742.947081092	3478.660	903.300	731.7812	0.1418	742.2187	0.9447	10.4375	13.0263	992.000	2592.000	1232.000	1600.000	15.82	W4
59	Spectrogram 1	1	744.460238832	756.631290226	3615.847	693.000	746.1249	0.1362	755.7187	0.9254	9.5938	12.1711	736.000	2640.000	1216.000	1904.000	15.81	W4
60	Spectrogram 1	1	758.012869033	767.354973346	3919.617	568.500	759.5937	0.1678	766.5312	0.9128	6.9375	9.3421	624.000	2560.000	640.000	1936.000	16.35	W3
61	Spectrogram 1	1	767.692884074	771.179725824	677.500	295.900	768.1874	0.1364	770.6874	0.8636	2.5000	3.4868	368.000	640.000	560.000	272.000	28.36	F
62	Spectrogram 1	1	772.166567829	775.587620113	732.000	218.000	772.6562	0.1389	775.0937	0.8611	2.4375	3.4211	288.000	688.000	560.000	400.000	23.68	F
63	Spectrogram 1	1	776.837619986	780.061303868	716.400	241.400	777.2187	0.1176	779.5624	0.8529	2.3438	3.2237	272.000	640.000	560.000	368.000	23.94	F
64	Spectrogram 1	1	781.048145873	783.679724553	630.800	210.300	781.2812	0.0843	783.2499	0.8434	1.9688	2.6316	240.000	592.000	560.000	352.000	24.19	F
65	Spectrogram 1	1	786.574461101	789.403408181	661.900	194.700	787.1249	0.1910	789.2187	0.9438	2.0938	2.8289	224.000	592.000	560.000	368.000	25.33	F
66	Spectrogram 1	1	811.134009692	825.673481897	3684.440	708.600	812.3124	0.0797	824.7499	0.9375	12.4375	14.5395	800.000	3200.000	1136.000	2400.000	15.02	W5
67	Spectrogram 1	1	826.857692303	839.291901565	3635.445	911.100	828.7812	0.1537	838.3749	0.9270	9.5938	12.4342	1072.000	3232.000	1264.000	2160.000	17.09	W4
68	Spectrogram 1	1	841.002427707	852.581373897	3596.249	591.800	842.6249	0.1382	852.1562	0.9648	9.5312	11.5789	672.000	3296.000	688.000	2624.000	16.76	W4
69	Spectrogram 1	1	854.649529027	866.162685750	3625.646	685.300	856.0624	0.1223	865.0937	0.9076	9.0312	11.5132	736.000	3232.000	832.000	2496.000	15.80	W4
70	Spectrogram 1	1	867.741632958	876.886368870	3566.852	568.500	869.2187	0.1610	876.5937	0.9692	7.3750	9.1447	576.000	2832.000	688.000	2256.000	15.87	W3
71	Spectrogram 1	1	878.024687937	881.182582353	630.800	280.300	878.4062	0.1200	880.9062	0.9200	2.5000	3.1579	336.000	592.000	560.000	256.000	26.16	F
72	Spectrogram 1	1	882.498371693	885.722055575	646.300	257.000	882.9062	0.1262	885.1874	0.8350	2.2812	3.2237	304.000	608.000	576.000	304.000	24.23	F
73	Spectrogram 1	1	886.577318646	889.735213062	654.100	194.700	886.9062	0.1000	889.2812	0.8600	2.3750	3.1579	256.000	608.000	576.000	352.000	23.14	F
74	Spectrogram 1	1	890.524686666	893.419423213	638.500	233.600	891.0937	0.1957	892.7187	0.7609	1.6250	2.8947	272.000	592.000	560.000	320.000	21.69	F
75	Spectrogram 1	1	895.985212426	898.616791106	661.900	194.700	896.3124	0.1205	898.3124	0.8916	2.0000	2.6316	240.000	592.000	576.000	352.000	22.96	F
76	Spectrogram 1	1	920.620373284	934.307609797	3831.426	778.700	922.9687	0.1716	934.0312	0.9817	11.0625	13.6872	816.000	3552.000	816.000	2736.000	14.82	W5
77	Spectrogram 1	1	936.215504340	950.426029210	3723.636	934.400	937.9687	0.1233	949.6249	0.9449	11.6562	14.2105	976.000	3472.000	1392.000	2496.000	16.37	W5
78	Spectrogram 1	1	951.873397484	963.254975273	3527.656	630.800	953.4687	0.1401	962.6562	0.9478	9.1875	11.3816	688.000	3056.000	1152.000	2368.000	16.41	W4
79	Spectrogram 1	1	964.636554080	976.083921337	3321.876	630.800	966.4999	0.1616	975.6874	0.9671	9.1875	11.4474	672.000	2576.000	688.000	1904.000	16.41	W4
80	Spectrogram 1	1	977.399710677	980.820762960	661.900	264.800	977.7187	0.0917	980.4374	0.8899	2.7188	3.4211	336.000	624.000	576.000	288.000	26.34	F
81	Spectrogram 1	1	981.741815498	985.097078315	630.800	241.400	982.1249	0.1121	984.4062	0.7944	2.2812	3.3553	320.000	592.000	384.000	272.000	25.02	F
82	Spectrogram 1	1	986.083920320	988.781288466	732.000	225.800	986.1562	0.0233	988.3437	0.8372	2.1875	2.6974	272.000	704.000	560.000	432.000	21.99	F
83	Spectrogram 1	1	989.702341004	992.333919684	661.900	249.200	989.8437	0.0482	992.0937	0.9157	2.2500	2.6316	272.000	592.000	560.000	320.000	24.57	F
84	Spectrogram 1	1	993.320761689	995.820761434	638.500	225.800	993.6249	0.1139	995.4687	0.8608	1.8438	2.5000	256.000	576.000	560.000	320.000	25.09	F
85	Spectrogram 1	1	998.628017133	1001.588543147	685.300	218.000	998.9687	0.1075	1001.1562	0.8602	2.1875	2.9605	256.000	656.000	560.000	400.000	25.88	F
86	Spectrogram 1	1	1026.334759823	1040.611074160	3390.469	700.800	1027.8124	0.1031	1040.2812	0.9781	12.4688	14.2763	720.000	2704.000	752.000	1984.000	15.42	W5
87	Spectrogram 1	1	1041.137389896	1054.821599030	3312.077	615.200	1044.0624	0.2128	1054.5312	0.9794	10.4688	13.6842	640.000	1968.000	688.000	1328.000	16.16	W5
88	Spectrogram 1	1	1056.466335705	1068.505808165	3361.072	623.000	1058.4374	0.1636	1067.9687	0.9558	9.5312	12.0395	672.000	2176.000	1184.000	1504.000	16.43	W4
89	Spectrogram 1	1	1069.918219835	1081.497166026	3429.665	638.500	1071.7187	0.1545	1080.9687	0.9566	9.2500	11.5789	672.000	2640.000	1232.000	1968.000	16.33	W4
90	Spectrogram 1	1	1083.536639502	1094.523480490	3606.048	607.400	1084.9374	0.1257	1094.1562	0.9686	9.2188	10.9868	656.000	2848.000	752.000	2192.000	16.64	W4
91	Spectrogram 1	1	1095.909719675	1105.186034521	3361.072	607.400	1097.7187	0.1932	1104.5937	0.9390	6.8750	9.2763	656.000	2144.000	688.000	1488.000	16.29	W3
92	Spectrogram 1	1	1105.909718658	1109.264981474	654.100	295.900	1106.3437	0.1226	1109.0312	0.9340	2.6875	3.3553	320.000	624.000	384.000	304.000	28.89	F
93	Spectrogram 1	1	1110.317612946	1113.541296829	669.700	233.600	1110.6874	0.1078	1112.9999	0.8333	2.3125	3.2237	288.000	576.000	336.000	288.000	25.82	F
94	Spectrogram 1	1	1114.528138834	1117.291296447	739.800	233.600	1114.6249	0.0341	1116.9374	0.8750	2.3125	2.7632	272.000	656.000	560.000	384.000	24.31	F
95	Spectrogram 1	1	1118.409717386	1120.975506599	763.100	233.600	1118.5312	0.0370	1120.6874	0.8889	2.1562	2.5658	256.000	688.000	560.000	432.000	24.73	F
96	Spectrogram 1	1	1142.824420636	1157.100734973	3704.038	841.000	1144.9374	0.1469	1156.4374	0.9539	11.5000	14.2763	928.000	3440.000	896.000	2512.000	14.77	W5
97	Spectrogram 1	1	1158.219155912	1173.153364919	3674.641	856.600	1159.9374	0.1134	1171.7187	0.9055	11.7812	14.9342	1104.000	3280.000	1248.000	2176.000	15.92	W5
98	Spectrogram 1	1	1174.594279561	1186.502173086	3645.244	739.800	1176.3437	0.1447	1185.5937	0.9237	9.2500	11.9079	752.000	2800.000	768.000	2048.000	16.26	W4
99	Spectrogram 1	1	1187.686383492	1196.304803668	3606.048	615.200	1189.6874	0.2327	1195.8749	0.9527	6.1875	8.6184	640.000	1568.000	752.000	928.000	16.66	W3
100	Spectrogram 1	1	73.491765833	73.903100343	2905.126	174.459	73.5312	0.0833	73.8749	1.0000	0.3438	0.4113	192.000	1392.000	304.000	1200.000	16.58	break
101	Spectrogram 1	1	274.646406761	275.057741271	3693.985	485.452	274.6562	0.0000	275.0312	1.0000	0.3750	0.4113	544.000	3056.000	576.000	2512.000	12.65	break
102	Spectrogram 1	1	385.457729748	385.457729748	3117.511	432.356	385.4687	NaN	385.4687	NaN	0.0000	0.0000	496.000	3008.000	608.000	2512.000	11.78	break
103	Spectrogram 1	1	503.812378690	503.812378690	3413.333	166.874	503.8124	NaN	503.8124	NaN	0.0000	0.0000	224.000	1360.000	608.000	1136.000	15.32	break
104	Spectrogram 1	1	607.935950726	607.935950726	3208.533	219.970	607.9374	NaN	607.9374	NaN	0.0000	0.0000	304.000	1264.000	320.000	960.000	12.16	break
105	Spectrogram 1	1	706.538865485	706.813088492	3390.578	455.111	706.5624	0.0000	706.8124	1.0000	0.2500	0.2742	480.000	1520.000	624.000	1040.000	13.40	break
106	Spectrogram 1	1	800.037941271	800.449275782	2753.422	364.089	800.0624	0.0000	800.4374	1.0000	0.3750	0.4113	368.000	1392.000	608.000	1024.000	14.23	break
107	Spectrogram 1	1	908.107034190	908.244145693	2533.452	394.430	908.1249	0.0000	908.2187	1.0000	0.0938	0.1371	512.000	800.000	624.000	288.000	18.08	break
108	Spectrogram 1	1	1016.445962325	1016.445962325	2988.563	189.630	1016.4374	NaN	1016.4374	NaN	0.0000	0.0000	240.000	928.000	848.000	688.000	16.53	break
109	Spectrogram 1	1	1130.237541246	1130.374652749	2935.467	204.800	1130.2499	0.0000	1130.3437	1.0000	0.0938	0.1371	208.000	1680.000	208.000	1472.000	13.09	break
