Selection	View	Channel	Begin Time (s)	End Time (s)	High Freq (Hz)	Low Freq (Hz)	Time 5% (s)	Time 5% Rel.	Time 95% (s)	Time 95% Rel.	Dur 90% (s)	Delta Time (s)	Freq 5% (Hz)	Freq 95% (Hz)	Peak Freq (Hz)	BW 90% (Hz)	SNR NIST Quick (dB)	QualName
1	Spectrogram 1	1	25.115287965	27.769655165	724.077	196.608	25.3749	0.0952	27.4062	0.8690	2.0312	2.6544	240.000	624.000	544.000	384.000	17.26	F
2	Spectrogram 1	1	31.219772405	33.403507122	673.984	241.359	31.4999	0.1176	33.0624	0.8529	1.5625	2.1837	272.000	608.000	304.000	336.000	21.52	F
3	Spectrogram 1	1	33.968266101	34.758928671	742.293	646.660	34.1249	0.2000	34.4999	0.6800	0.3750	0.7907	672.000	704.000	688.000	32.000	31.28	LS
4	Spectrogram 1	1	37.356819973	39.559379990	746.847	223.143	37.6249	0.1159	39.3124	0.8986	1.6875	2.2026	256.000	624.000	592.000	368.000	22.33	F
5	Spectrogram 1	1	40.596241299	42.121090542	1247.781	815.156	40.8437	0.1489	41.6874	0.7234	0.8438	1.5248	880.000	1024.000	976.000	144.000	26.35	L
6	Spectrogram 1	1	44.070210409	45.319053946	1361.700	1005.100	44.5937	0.4103	45.1249	0.8462	0.5312	1.2488	1072.000	1280.000	1088.000	208.000	16.13	R
7	Spectrogram 1	1	45.804715321	48.302402393	2237.630	702.500	46.5937	0.3165	47.5312	0.6962	0.9375	2.4977	816.000	1120.000	848.000	304.000	18.36	L
8	Spectrogram 1	1	49.447175635	52.014242904	2237.630	745.700	50.0312	0.2222	51.2499	0.7037	1.2188	2.5671	832.000	1472.000	1040.000	640.000	18.89	L
9	Spectrogram 1	1	53.124326047	55.517942825	2230.044	626.800	53.4374	0.1316	54.6874	0.6579	1.2500	2.3936	752.000	1168.000	832.000	416.000	18.42	L
10	Spectrogram 1	1	55.968914102	56.697406165	1513.000	637.600	56.1562	0.2273	56.5312	0.7727	0.3750	0.7285	704.000	1024.000	720.000	320.000	17.42	L
11	Spectrogram 1	1	57.842179406	60.756147658	2457.600	680.900	58.4687	0.2151	60.1249	0.7849	1.6562	2.9140	800.000	1344.000	864.000	544.000	18.49	L
12	Spectrogram 1	1	61.796850604	63.982326793	2465.185	713.300	62.2187	0.1884	63.4687	0.7681	1.2500	2.1855	800.000	1408.000	864.000	608.000	19.85	L
13	Spectrogram 1	1	65.127100034	67.312576223	2525.867	756.500	65.6874	0.2464	66.5937	0.6667	0.9062	2.1855	864.000	1344.000	912.000	480.000	18.70	L
14	Spectrogram 1	1	68.006378187	68.734870250	1318.500	1015.900	68.1874	0.2273	68.4374	0.5909	0.2500	0.7285	1104.000	1232.000	1136.000	128.000	15.56	R
15	Spectrogram 1	1	69.810263295	72.099809778	2139.022	810.600	70.3749	0.2466	71.4999	0.7397	1.1250	2.2895	896.000	1136.000	912.000	240.000	17.87	L
16	Spectrogram 1	1	73.001752332	75.464749307	1828.030	853.800	73.5937	0.2338	75.0937	0.8571	1.5000	2.4630	928.000	1472.000	976.000	544.000	20.10	L
17	Spectrogram 1	1	76.609522288	79.107209361	1547.378	713.300	77.2187	0.2405	78.3437	0.6962	1.1250	2.4977	800.000	1376.000	896.000	576.000	20.54	L
18	Spectrogram 1	1	79.766321227	81.153925156	1523.800	1026.700	80.1874	0.3023	80.8124	0.7674	0.6250	1.3876	1136.000	1440.000	1168.000	304.000	19.82	R
19	Spectrogram 1	1	81.743656826	83.686302327	1592.889	616.000	82.1562	0.2131	83.2187	0.7705	1.0625	1.9426	768.000	1280.000	928.000	512.000	21.81	L
20	Spectrogram 1	1	84.935145863	87.155312150	2040.415	788.900	85.2499	0.1429	86.5312	0.7286	1.2812	2.2202	912.000	1440.000	944.000	528.000	18.58	L
21	Spectrogram 1	1	88.438845784	90.069280401	1848.100	648.400	88.6874	0.1373	89.5937	0.7059	0.9062	1.6304	784.000	1248.000	800.000	464.000	18.59	L
22	Spectrogram 1	1	91.005913053	92.428207081	1881.126	626.800	91.3749	0.2500	91.9374	0.6591	0.5625	1.4223	672.000	1408.000	752.000	736.000	20.11	L
23	Spectrogram 1	1	93.156699143	94.370852581	1718.400	1178.000	93.4687	0.2432	94.0937	0.7838	0.6250	1.2142	1280.000	1648.000	1344.000	368.000	15.13	R
24	Spectrogram 1	1	95.064654546	97.978622797	1494.281	659.300	95.8124	0.2500	97.4687	0.8261	1.6562	2.9140	768.000	1168.000	848.000	400.000	20.64	L
25	Spectrogram 1	1	98.672424762	100.857900950	1539.793	616.000	99.3749	0.3188	100.4687	0.8261	1.0938	2.1855	784.000	1072.000	816.000	288.000	20.00	L
26	Spectrogram 1	1	101.690462472	104.153459446	1524.622	637.600	102.3124	0.2468	103.4062	0.7013	1.0938	2.4630	752.000	1216.000	800.000	464.000	22.35	L
27	Spectrogram 1	1	104.222839642	107.206188090	778.100	237.800	104.6874	0.1489	106.6249	0.8085	1.9375	2.9833	352.000	640.000	624.000	288.000	22.29	F
28	Spectrogram 1	1	107.449018778	108.455031626	940.200	626.800	107.8749	0.4194	108.3124	0.8710	0.4375	1.0060	736.000	816.000	752.000	80.000	22.77	LS
29	Spectrogram 1	1	109.183523689	111.819971155	778.100	140.500	109.6874	0.1905	111.0312	0.7024	1.3438	2.6364	256.000	640.000	576.000	384.000	20.51	F
30	Spectrogram 1	1	114.560488915	116.919415594	875.400	227.000	115.1249	0.2400	116.5312	0.8400	1.4062	2.3589	288.000	736.000	336.000	448.000	18.47	F
31	Spectrogram 1	1	117.405076969	118.862061095	875.400	605.200	117.9687	0.3913	118.4062	0.6957	0.4375	1.4570	672.000	784.000	704.000	112.000	25.34	LS
32	Spectrogram 1	1	119.347722470	121.706649150	940.200	162.100	119.9999	0.2703	121.1562	0.7703	1.1562	2.3589	288.000	672.000	320.000	384.000	20.24	F
33	Spectrogram 1	1	122.227000623	123.406463963	907.800	540.400	122.6249	0.3243	123.1874	0.8108	0.5625	1.1795	640.000	800.000	672.000	160.000	24.41	LS
34	Spectrogram 1	1	124.204336222	126.459192607	756.500	162.100	124.5937	0.1690	125.7812	0.7042	1.1875	2.2549	304.000	672.000	352.000	368.000	21.01	F
35	Spectrogram 1	1	126.944853982	127.846796536	864.600	518.800	127.2187	0.2857	127.6249	0.7500	0.4062	0.9019	608.000	832.000	720.000	224.000	22.33	LS
36	Spectrogram 1	1	128.714048992	130.795454886	843.000	172.900	128.9999	0.1364	130.2499	0.7424	1.2500	2.0814	272.000	672.000	608.000	400.000	20.51	F
37	Spectrogram 1	1	131.281116261	132.321819208	886.200	540.400	131.4687	0.1818	131.9062	0.6061	0.4375	1.0407	640.000	752.000	656.000	112.000	19.62	LS
38	Spectrogram 1	1	132.980931074	135.027646870	810.600	118.900	133.1874	0.0938	134.5312	0.7656	1.3438	2.0467	240.000	640.000	368.000	400.000	19.70	F
39	Spectrogram 1	1	135.443927789	136.311180244	864.600	486.300	135.7812	0.3846	136.0624	0.7308	0.2812	0.8673	608.000	720.000	672.000	112.000	23.47	LS
40	Spectrogram 1	1	136.935602012	138.808867317	788.900	118.900	137.3437	0.2203	138.5312	0.8644	1.1875	1.8733	208.000	640.000	352.000	432.000	20.20	F
41	Spectrogram 1	1	139.294528692	139.953640558	864.600	572.800	139.6249	0.5000	139.8124	0.8000	0.1875	0.6591	688.000	736.000	704.000	48.000	13.47	LS
42	Spectrogram 1	1	140.647442523	142.763538515	778.100	129.700	141.1249	0.2239	142.3437	0.8060	1.2188	2.1161	224.000	704.000	592.000	480.000	20.31	F
43	Spectrogram 1	1	146.163168141	148.903685901	799.700	151.300	146.7187	0.1977	148.3437	0.8023	1.6250	2.7405	288.000	640.000	336.000	352.000	17.00	F
44	Spectrogram 1	1	149.458727473	150.256599732	918.600	562.000	149.6562	0.2400	150.0937	0.8000	0.4375	0.7979	672.000	752.000	720.000	80.000	21.05	LS
45	Spectrogram 1	1	151.089162090	153.309328376	821.400	151.300	151.5937	0.2286	152.9062	0.8286	1.3125	2.2202	272.000	704.000	272.000	432.000	18.45	F
46	Spectrogram 1	1	153.899060046	154.870382797	864.600	540.400	154.1562	0.2667	154.5624	0.7000	0.4062	0.9713	688.000	736.000	720.000	48.000	20.20	LS
47	Spectrogram 1	1	155.598874860	158.096561932	778.100	151.300	156.2499	0.2532	157.6249	0.8101	1.3750	2.4977	272.000	592.000	320.000	320.000	20.45	F
48	Spectrogram 1	1	159.033194584	161.288050969	832.200	172.900	159.7499	0.3099	160.6562	0.7183	0.9062	2.2549	320.000	624.000	592.000	304.000	18.24	F
49	Spectrogram 1	1	161.634951951	163.022555881	1015.900	497.100	162.0624	0.3023	162.5937	0.6977	0.5312	1.3876	656.000	864.000	720.000	208.000	21.63	LS
50	Spectrogram 1	1	163.612287291	165.936523872	734.900	151.300	164.0624	0.1918	165.5312	0.8356	1.4688	2.3242	256.000	592.000	560.000	336.000	21.66	F
51	Spectrogram 1	1	166.873156524	169.544294088	680.900	129.700	167.4062	0.2000	169.2187	0.8824	1.8125	2.6711	240.000	560.000	528.000	320.000	19.32	F
52	Spectrogram 1	1	173.811176170	176.759834519	713.300	140.500	174.4687	0.2234	176.1874	0.8085	1.7188	2.9487	304.000	640.000	416.000	336.000	18.39	F
53	Spectrogram 1	1	177.280185993	178.320888940	918.600	562.000	177.5312	0.2424	177.9374	0.6364	0.4062	1.0407	720.000	752.000	736.000	32.000	15.51	LS
54	Spectrogram 1	1	181.789898763	184.287585835	724.100	151.300	182.4062	0.2405	183.7499	0.7848	1.3438	2.4977	288.000	656.000	464.000	368.000	18.82	F
55	Spectrogram 1	1	185.187820941	187.477367424	1513.000	616.000	185.9062	0.3056	186.8124	0.7083	0.9062	2.2895	752.000	1184.000	960.000	432.000	17.96	L
56	Spectrogram 1	1	189.387030275	191.745956954	1699.081	637.600	190.0937	0.2973	191.3437	0.8378	1.2500	2.3589	816.000	1248.000	880.000	432.000	17.25	L
57	Spectrogram 1	1	193.305303926	195.837681097	1729.422	821.400	193.8437	0.2125	195.0312	0.6875	1.1875	2.5324	976.000	1440.000	1200.000	464.000	18.65	L
58	Spectrogram 1	1	196.913074142	199.272000821	1744.593	778.100	197.4687	0.2297	198.7187	0.7703	1.2500	2.3589	848.000	1392.000	1200.000	544.000	17.77	L
59	Spectrogram 1	1	200.139253277	202.151278974	1815.600	734.900	200.8124	0.3333	201.4374	0.6508	0.6250	2.0120	816.000	1344.000	864.000	528.000	17.62	L
60	Spectrogram 1	1	202.983841332	203.920473984	1707.600	1134.800	203.1874	0.2069	203.8124	0.8966	0.6250	0.9366	1200.000	1584.000	1296.000	384.000	14.07	R
61	Spectrogram 1	1	204.683656145	206.799752137	1752.178	724.100	205.2499	0.2687	206.1874	0.7164	0.9375	2.1161	848.000	1072.000	960.000	224.000	19.30	L
62	Spectrogram 1	1	208.152665708	209.852480521	2031.800	799.700	208.6562	0.2963	209.3749	0.7222	0.7188	1.6998	928.000	1312.000	992.000	384.000	18.94	L
63	Spectrogram 1	1	211.482915138	213.703081425	2107.400	843.000	211.9999	0.2286	213.3124	0.8286	1.3125	2.2202	944.000	1440.000	1008.000	496.000	20.81	L
64	Spectrogram 1	1	215.055995256	217.310851641	2172.300	724.100	215.7187	0.2958	216.5937	0.6901	0.8750	2.2549	816.000	1504.000	880.000	688.000	18.76	L
65	Spectrogram 1	1	217.831203114	218.906596159	1848.100	1156.400	218.1562	0.2941	218.7499	0.8529	0.5938	1.0754	1264.000	1632.000	1344.000	368.000	16.12	R
66	Spectrogram 1	1	219.496327829	221.716494116	1923.700	756.500	219.9062	0.1857	221.1562	0.7571	1.2500	2.2202	832.000	1312.000	960.000	480.000	19.34	L
67	Spectrogram 1	1	222.757197063	225.428334626	2053.400	810.600	223.2187	0.1667	224.8749	0.7976	1.6562	2.6711	864.000	1504.000	1040.000	640.000	17.65	L
68	Spectrogram 1	1	226.226206885	228.342302877	2129.100	778.100	226.7812	0.2576	227.9062	0.8030	1.1250	2.1161	896.000	1392.000	960.000	496.000	19.96	L
69	Spectrogram 1	1	229.209555333	231.429721620	2226.300	648.400	229.8124	0.2714	230.8124	0.7286	1.0000	2.2202	768.000	1792.000	816.000	1024.000	17.89	L
70	Spectrogram 1	1	232.019453290	233.268296826	1999.400	1318.500	232.2499	0.1795	232.8437	0.6667	0.5938	1.2488	1440.000	1728.000	1520.000	288.000	18.01	R
71	Spectrogram 1	1	234.170239380	236.598546256	2129.100	810.600	234.8124	0.2597	236.0312	0.7662	1.2188	2.4283	896.000	1328.000	944.000	432.000	17.37	L
72	Spectrogram 1	1	237.431108354	240.449146900	2226.300	659.300	238.0312	0.1979	239.8124	0.7917	1.7812	3.0180	832.000	1408.000	848.000	576.000	17.03	L
73	Spectrogram 1	1	241.177638962	243.467185445	2226.300	745.700	241.7187	0.2361	242.8749	0.7500	1.1562	2.2895	848.000	1488.000	880.000	640.000	18.59	L
74	Spectrogram 1	1	244.438508196	246.207703205	2031.800	637.600	244.9062	0.2545	245.6249	0.6727	0.7188	1.7692	736.000	1552.000	784.000	816.000	18.04	L
75	Spectrogram 1	1	246.762744777	247.664687331	1513.000	897.000	246.9687	0.2143	247.3437	0.6429	0.3750	0.9019	1008.000	1376.000	1264.000	368.000	13.92	R
76	Spectrogram 1	1	248.185038805	250.613345681	2010.200	670.100	248.7187	0.2208	250.3124	0.8831	1.5938	2.4283	704.000	1392.000	992.000	688.000	19.38	L
77	Spectrogram 1	1	251.792809020	253.839524816	2031.800	562.000	252.3124	0.2500	253.2812	0.7344	0.9688	2.0467	736.000	1104.000	752.000	368.000	19.61	L
78	Spectrogram 1	1	254.949607959	256.718802969	1923.700	616.000	255.4062	0.2500	256.0624	0.6250	0.6562	1.7692	720.000	1120.000	752.000	400.000	18.05	L
79	Spectrogram 1	1	257.031013853	259.355250434	886.200	118.900	257.4062	0.1622	258.8749	0.7973	1.4688	2.3242	304.000	640.000	320.000	336.000	20.24	F
80	Spectrogram 1	1	259.702151416	260.638784069	918.600	551.200	259.9062	0.2069	260.2499	0.5862	0.3438	0.9366	640.000	672.000	656.000	32.000	17.97	LS
81	Spectrogram 1	1	261.263205837	263.691512713	810.600	108.100	261.5312	0.1039	262.9999	0.7143	1.4688	2.4283	272.000	560.000	336.000	288.000	20.28	F
82	Spectrogram 1	1	267.195212374	269.345998464	821.400	129.700	267.6874	0.2206	268.9999	0.8382	1.3125	2.1508	240.000	720.000	336.000	480.000	17.13	F
83	Spectrogram 1	1	269.831659840	270.768292492	853.800	616.000	270.0937	0.2759	270.4374	0.6552	0.3438	0.9366	704.000	752.000	720.000	48.000	21.16	LS
84	Spectrogram 1	1	273.023148877	275.486145851	821.400	205.300	273.6562	0.2564	275.0624	0.8333	1.4062	2.4630	272.000	688.000	656.000	416.000	18.17	F
85	Spectrogram 1	1	276.075877521	277.220650762	961.900	551.200	276.3437	0.2222	276.9374	0.7500	0.5938	1.1448	640.000	848.000	720.000	208.000	22.25	LS
86	Spectrogram 1	1	277.706312137	279.995858621	961.900	172.900	278.2187	0.2222	279.4999	0.7917	1.2812	2.2895	288.000	816.000	304.000	528.000	17.59	F
87	Spectrogram 1	1	280.446829898	281.626293237	918.600	583.600	280.8437	0.3243	281.3437	0.7568	0.5000	1.1795	640.000	800.000	656.000	160.000	28.04	LS
88	Spectrogram 1	1	282.181334809	284.158670408	821.400	86.500	282.6249	0.2222	283.7187	0.7778	1.0938	1.9773	208.000	720.000	656.000	512.000	18.23	F
89	Spectrogram 1	1	284.574951587	285.719724828	886.200	453.900	284.9687	0.3333	285.2499	0.5833	0.2812	1.1448	640.000	720.000	672.000	80.000	18.14	LS
90	Spectrogram 1	1	286.101315909	288.321482196	778.100	118.900	286.4374	0.1429	287.6874	0.7143	1.2500	2.2202	192.000	672.000	400.000	480.000	20.29	F
91	Spectrogram 1	1	291.200760089	293.767827358	832.200	183.700	291.7812	0.2222	292.9374	0.6790	1.1562	2.5671	272.000	720.000	592.000	448.000	17.77	F
92	Spectrogram 1	1	294.080038242	295.259501582	929.400	475.500	294.4687	0.3243	294.8749	0.6757	0.4062	1.1795	624.000	768.000	656.000	144.000	20.48	LS
93	Spectrogram 1	1	295.779853055	297.930639145	767.300	129.700	296.3124	0.2500	297.4062	0.7647	1.0938	2.1508	192.000	640.000	224.000	448.000	17.12	F
94	Spectrogram 1	1	298.208159931	299.144792583	951.100	605.200	298.5624	0.3793	298.8124	0.6552	0.2500	0.9366	672.000	928.000	704.000	256.000	21.32	LS
95	Spectrogram 1	1	299.595763860	301.607789557	875.400	129.700	300.0624	0.2222	301.1874	0.7937	1.1250	2.0120	192.000	720.000	208.000	528.000	20.56	F
96	Spectrogram 1	1	301.989380638	302.752562799	951.100	518.800	302.1874	0.2500	302.5624	0.7500	0.3750	0.7632	608.000	928.000	720.000	320.000	23.25	LS
97	Spectrogram 1	1	303.411674665	305.423700363	702.500	108.100	303.8749	0.2222	304.9687	0.7778	1.0938	2.0120	208.000	608.000	528.000	400.000	19.23	F
98	Spectrogram 1	1	305.770601345	306.637853801	929.400	475.500	306.1562	0.4444	306.3749	0.7037	0.2188	0.8673	608.000	784.000	640.000	176.000	16.92	LS
99	Spectrogram 1	1	307.227585470	309.170230971	734.900	118.900	307.5624	0.1639	308.7812	0.8033	1.2188	1.9426	192.000	656.000	592.000	464.000	21.10	F
100	Spectrogram 1	1	313.128316230	315.626003303	897.000	118.900	313.7812	0.2532	315.0312	0.7595	1.2500	2.4977	208.000	608.000	464.000	400.000	16.20	F
101	Spectrogram 1	1	316.146354776	317.152367625	951.100	518.800	316.4999	0.3548	316.8124	0.6774	0.3125	1.0060	656.000	736.000	704.000	80.000	19.36	LS
102	Spectrogram 1	1	317.846169589	320.101025974	724.100	140.500	318.3437	0.2113	319.5937	0.7746	1.2500	2.2549	208.000	672.000	672.000	464.000	17.17	F
103	Spectrogram 1	1	320.378546760	321.419249707	897.000	572.800	320.7499	0.3438	321.0937	0.6875	0.3438	1.0407	704.000	768.000	752.000	64.000	15.54	LS
104	Spectrogram 1	1	321.870220984	324.090387271	875.400	140.500	322.3749	0.2286	323.5937	0.7857	1.2188	2.2202	208.000	752.000	656.000	544.000	18.87	F
105	Spectrogram 1	1	328.773550531	331.167167309	659.300	118.900	329.2812	0.2105	330.8124	0.8553	1.5312	2.3936	256.000	528.000	448.000	272.000	17.16	F
106	Spectrogram 1	1	334.866638058	337.780606309	778.100	162.100	335.5937	0.2500	337.3437	0.8587	1.7500	2.9140	256.000	656.000	272.000	400.000	16.23	F
107	Spectrogram 1	1	338.162197390	339.202900336	810.600	572.800	338.4999	0.3125	338.9374	0.7500	0.4375	1.0407	640.000	736.000	656.000	96.000	21.62	LS
108	Spectrogram 1	1	341.874037900	344.996146741	799.700	194.500	342.5937	0.2323	344.4999	0.8485	1.9062	3.1221	272.000	672.000	656.000	400.000	16.67	F
109	Spectrogram 1	1	347.251003126	350.199661475	875.400	118.900	347.8749	0.2043	349.7812	0.8602	1.9062	2.9487	256.000	720.000	320.000	464.000	15.92	F
110	Spectrogram 1	1	351.136294127	353.113629726	1837.300	551.200	351.5937	0.2258	352.6562	0.7742	1.0625	1.9773	688.000	1600.000	720.000	912.000	15.55	L
111	Spectrogram 1	1	355.160345522	357.207061317	1623.230	810.600	355.7812	0.2969	356.6249	0.7188	0.8438	2.0467	880.000	1136.000	896.000	256.000	18.07	L
112	Spectrogram 1	1	358.341172822	361.497971760	1388.089	713.300	359.1874	0.2700	360.6249	0.7300	1.4375	3.1568	800.000	1264.000	1024.000	464.000	17.23	L
113	Spectrogram 1	1	362.226463823	364.620080601	1699.081	648.400	362.6874	0.1867	363.9999	0.7467	1.3125	2.3936	752.000	1344.000	832.000	592.000	18.18	L
114	Spectrogram 1	1	365.487333057	367.187147870	1653.570	626.800	365.9687	0.2830	366.5624	0.6415	0.5938	1.6998	720.000	1312.000	768.000	592.000	19.01	L
115	Spectrogram 1	1	367.742189442	369.025723076	1459.000	1059.100	368.1249	0.3000	368.8124	0.8500	0.6875	1.2835	1152.000	1376.000	1200.000	224.000	16.91	R
116	Spectrogram 1	1	369.372624058	372.078451720	1638.400	745.700	369.7812	0.1512	371.3437	0.7326	1.5625	2.7058	880.000	1216.000	1088.000	336.000	18.69	L
117	Spectrogram 1	1	372.668183390	375.235250659	1630.815	702.500	373.2187	0.2099	374.7499	0.8148	1.5312	2.5671	800.000	1376.000	896.000	576.000	18.73	L
118	Spectrogram 1	1	376.206573409	379.224611955	1828.030	616.000	376.7812	0.1875	378.3437	0.7083	1.5625	3.0180	800.000	1216.000	832.000	416.000	19.29	L
119	Spectrogram 1	1	379.849033723	380.716286179	1545.500	1134.800	380.0312	0.1923	380.4687	0.7308	0.4375	0.8673	1216.000	1376.000	1296.000	160.000	18.23	R
120	Spectrogram 1	1	381.236637653	383.803704922	1835.615	713.300	381.8124	0.2222	383.2187	0.7778	1.4062	2.5671	896.000	1232.000	944.000	336.000	17.26	L
121	Spectrogram 1	1	384.844407609	387.203334288	1509.452	713.300	385.5312	0.2838	386.6874	0.7838	1.1562	2.3589	912.000	1216.000	960.000	304.000	18.23	L
122	Spectrogram 1	1	387.654305565	390.013232245	1494.281	670.100	388.2812	0.2667	389.4062	0.7467	1.1250	2.3589	848.000	1344.000	1088.000	496.000	18.99	L
123	Spectrogram 1	1	391.262075781	393.274101478	1623.230	648.400	391.7499	0.2381	392.3124	0.5238	0.5625	2.0120	720.000	1264.000	736.000	544.000	17.59	L
124	Spectrogram 1	1	393.621002461	394.557635113	1469.800	961.900	393.7812	0.1724	394.3437	0.7931	0.5625	0.9366	1088.000	1328.000	1216.000	240.000	16.96	R
125	Spectrogram 1	1	395.390197470	397.679743953	1661.156	605.200	395.8749	0.2083	397.2187	0.8056	1.3438	2.2895	704.000	1104.000	720.000	400.000	19.20	L
126	Spectrogram 1	1	398.442926114	400.732472597	1835.615	626.800	399.0937	0.2778	400.1562	0.7500	1.0625	2.2895	752.000	1488.000	1136.000	736.000	17.49	L
127	Spectrogram 1	1	401.738485446	404.097412126	1547.378	713.300	402.1874	0.1867	403.3749	0.6933	1.1875	2.3589	784.000	1312.000	928.000	528.000	18.63	L
128	Spectrogram 1	1	404.513693304	405.727846742	1415.800	951.100	404.9374	0.3421	405.2812	0.6316	0.3438	1.2142	1120.000	1264.000	1136.000	144.000	17.43	R
129	Spectrogram 1	1	405.970677430	408.190843717	1592.889	540.400	406.5312	0.2429	407.6249	0.7429	1.0938	2.2202	800.000	1136.000	832.000	336.000	18.10	L
130	Spectrogram 1	1	409.370307056	411.729233736	1774.933	507.900	409.8749	0.2133	410.9687	0.6800	1.0938	2.3589	704.000	1312.000	736.000	608.000	17.57	L
131	Spectrogram 1	1	412.334457937	414.346483634	1577.719	691.700	412.7499	0.2031	413.9687	0.8125	1.2188	2.0120	832.000	1472.000	896.000	640.000	16.69	L
132	Spectrogram 1	1	415.005595501	416.809480608	1395.674	529.600	415.6249	0.3393	416.3437	0.7500	0.7188	1.8039	640.000	1120.000	656.000	480.000	18.21	L
133	Spectrogram 1	1	417.711423162	418.717436011	1253.700	940.200	418.0937	0.3871	418.3437	0.6452	0.2500	1.0060	1056.000	1168.000	1088.000	112.000	17.50	R
134	Spectrogram 1	1	419.480618172	421.700784459	1585.304	572.800	419.9999	0.2286	421.3437	0.8429	1.3438	2.2202	752.000	1360.000	768.000	608.000	18.27	L
135	Spectrogram 1	1	422.845557700	425.343244773	1750.800	529.600	423.3437	0.1923	424.6874	0.7436	1.3438	2.4977	768.000	1376.000	944.000	608.000	18.35	L
136	Spectrogram 1	1	426.210497228	428.430663515	1615.644	626.800	426.7187	0.2286	427.9062	0.7714	1.1875	2.2202	816.000	1072.000	880.000	256.000	19.84	L
137	Spectrogram 1	1	429.020395185	431.795603043	907.800	129.700	429.4687	0.1591	430.9062	0.6818	1.4375	2.7752	288.000	672.000	592.000	384.000	20.25	F
138	Spectrogram 1	1	432.107813927	433.044446580	886.200	562.000	432.2499	0.1379	432.5937	0.5172	0.3438	0.9366	704.000	752.000	720.000	48.000	19.90	LS
139	Spectrogram 1	1	433.703558446	436.513456402	799.700	118.900	434.1874	0.1685	435.6249	0.6854	1.4375	2.8099	224.000	688.000	608.000	464.000	18.39	F
140	Spectrogram 1	1	440.543337961	443.041025033	810.600	108.100	440.9999	0.1772	442.4062	0.7468	1.4062	2.4977	256.000	640.000	624.000	384.000	18.53	F
141	Spectrogram 1	1	443.387926016	444.393938864	907.800	605.200	443.6562	0.2581	443.9999	0.6129	0.3438	1.0060	720.000	752.000	736.000	32.000	20.55	LS
142	Spectrogram 1	1	446.718175446	449.007721929	778.100	205.300	447.1249	0.1781	448.5312	0.7945	1.4062	2.2895	288.000	656.000	416.000	368.000	18.79	F
143	Spectrogram 1	1	449.736213992	450.915677331	940.200	594.400	449.9687	0.1892	450.6249	0.7568	0.6562	1.1795	656.000	768.000	720.000	112.000	23.01	LS
144	Spectrogram 1	1	451.678859492	454.037786172	745.700	162.100	451.9999	0.1333	453.5624	0.8000	1.5625	2.3589	272.000	656.000	464.000	384.000	18.32	F
145	Spectrogram 1	1	454.662207940	455.737600985	864.600	572.800	454.9999	0.3030	455.4687	0.7576	0.4688	1.0754	688.000	800.000	720.000	112.000	26.17	LS
146	Spectrogram 1	1	456.500783146	458.443428647	788.900	86.500	456.9062	0.1967	458.0312	0.7869	1.1250	1.9426	224.000	720.000	272.000	496.000	20.15	F
147	Spectrogram 1	1	459.102540513	460.247313755	843.000	507.900	459.3437	0.2000	459.9374	0.7429	0.5938	1.1448	576.000	736.000	672.000	160.000	23.51	LS
148	Spectrogram 1	1	460.767665228	462.710310729	713.300	129.700	461.0937	0.1639	462.2499	0.7705	1.1562	1.9426	304.000	544.000	528.000	240.000	22.56	F
149	Spectrogram 1	1	463.230662203	464.340745346	886.200	518.800	463.5937	0.3235	463.9999	0.7059	0.4062	1.1101	656.000	736.000	672.000	80.000	22.12	LS
150	Spectrogram 1	1	464.826406461	466.769051962	778.100	129.700	465.2187	0.1967	466.5937	0.9180	1.3750	1.9426	208.000	624.000	608.000	416.000	19.99	F
151	Spectrogram 1	1	467.185333141	468.295416284	875.400	551.200	467.6249	0.4000	467.9687	0.7143	0.3438	1.1101	640.000	752.000	672.000	112.000	25.84	LS
152	Spectrogram 1	1	468.919838052	471.209384535	929.400	118.900	469.2499	0.1389	470.3437	0.6250	1.0938	2.2895	208.000	720.000	464.000	512.000	18.75	F
153	Spectrogram 1	1	471.278764732	472.076636991	843.000	518.800	471.4687	0.2400	471.7499	0.6000	0.2812	0.7979	640.000	720.000	688.000	80.000	20.30	LS
154	Spectrogram 1	1	472.770438956	474.782464653	734.900	129.700	472.9999	0.1094	474.3124	0.7656	1.3125	2.0120	208.000	672.000	224.000	464.000	22.43	F
155	Spectrogram 1	1	477.627052708	479.777838798	951.100	118.900	478.1562	0.2388	479.4687	0.8657	1.3125	2.1508	224.000	688.000	352.000	464.000	17.50	F
156	Spectrogram 1	1	480.332880370	481.408273415	1080.700	518.800	480.7187	0.3529	481.0937	0.7059	0.3750	1.0754	640.000	880.000	672.000	240.000	18.66	LS
157	Spectrogram 1	1	482.102075379	484.044720880	756.500	129.700	482.4374	0.1639	483.5937	0.7705	1.1562	1.9426	240.000	672.000	528.000	432.000	20.40	F
158	Spectrogram 1	1	484.391621862	485.293564416	929.400	551.200	484.6249	0.2500	485.0624	0.7500	0.4375	0.9019	624.000	768.000	640.000	144.000	23.02	LS
159	Spectrogram 1	1	486.091436676	487.860631685	778.100	140.500	486.3749	0.1607	487.3749	0.7321	1.0000	1.7692	256.000	688.000	688.000	432.000	22.31	F
160	Spectrogram 1	1	488.415673257	489.144165320	810.600	572.800	488.6249	0.2727	488.8749	0.6364	0.2500	0.7285	672.000	720.000	672.000	48.000	24.23	LS
161	Spectrogram 1	1	489.699206891	492.127513767	843.000	118.900	490.2812	0.2338	491.7187	0.8312	1.4375	2.4283	240.000	672.000	640.000	432.000	19.02	F
162	Spectrogram 1	1	496.151564902	499.169603448	756.500	140.500	496.7812	0.2083	498.4999	0.7812	1.7188	3.0180	288.000	656.000	512.000	368.000	18.16	F
163	Spectrogram 1	1	502.499852878	505.413821129	691.700	140.500	503.1249	0.2151	504.7812	0.7849	1.6562	2.9140	304.000	592.000	560.000	288.000	21.03	F
164	Spectrogram 1	1	509.715393310	512.698741757	832.200	172.900	510.4374	0.2421	512.2812	0.8632	1.8438	2.9833	272.000	640.000	368.000	368.000	18.45	F
165	Spectrogram 1	1	516.653412955	519.567381207	810.600	172.900	517.5624	0.3118	519.0937	0.8387	1.5312	2.9140	304.000	688.000	352.000	384.000	18.44	F
166	Spectrogram 1	1	520.608084154	521.856927690	875.400	562.000	520.9999	0.3077	521.3749	0.6154	0.3750	1.2488	640.000	752.000	656.000	112.000	17.98	LS
167	Spectrogram 1	1	522.758870244	524.250544468	1134.800	745.700	522.9999	0.1489	524.0312	0.8511	1.0312	1.4917	800.000	1088.000	928.000	288.000	17.06	L
168	Spectrogram 1	1	524.979036530	526.852301835	1113.200	648.400	525.4062	0.2203	526.4687	0.7966	1.0625	1.8733	864.000	960.000	928.000	96.000	21.13	L
169	Spectrogram 1	1	528.274595602	529.870340121	1577.719	745.700	528.7499	0.3000	529.5937	0.8400	0.8438	1.5957	880.000	1120.000	928.000	240.000	23.11	L
170	Spectrogram 1	1	530.945733166	533.027139060	2101.096	691.700	531.5312	0.2769	532.4999	0.7538	0.9688	2.0814	800.000	1152.000	928.000	352.000	18.06	L
171	Spectrogram 1	1	534.067842007	535.316685543	1805.274	659.300	534.4374	0.2821	534.9374	0.6923	0.5000	1.2488	768.000	1120.000	800.000	352.000	19.44	L
172	Spectrogram 1	1	536.079867704	537.189950847	1405.000	1005.100	536.3437	0.2286	536.8437	0.6857	0.5000	1.1101	1104.000	1328.000	1152.000	224.000	16.61	R
173	Spectrogram 1	1	537.710302321	539.861088411	2093.511	648.400	538.1249	0.1912	538.9374	0.5735	0.8125	2.1508	800.000	1456.000	928.000	656.000	18.38	L
174	Spectrogram 1	1	540.693650768	543.017887350	2063.170	724.100	541.2499	0.2329	542.3437	0.7123	1.0938	2.3242	864.000	1424.000	912.000	560.000	17.97	L
175	Spectrogram 1	1	543.711689314	545.862475404	2040.415	702.500	544.2812	0.2647	545.4999	0.8382	1.2188	2.1508	864.000	1360.000	880.000	496.000	19.21	L
176	Spectrogram 1	1	546.868488253	548.811133754	1881.126	734.900	547.3124	0.2295	548.1874	0.6885	0.8750	1.9426	816.000	1456.000	912.000	640.000	19.50	L
177	Spectrogram 1	1	549.470245620	550.510948567	1372.500	994.300	549.7187	0.2188	550.2812	0.7812	0.5625	1.0407	1072.000	1280.000	1088.000	208.000	17.24	R
178	Spectrogram 1	1	550.892539648	552.800495050	2192.119	432.300	551.2499	0.1833	552.2187	0.7000	0.9688	1.9080	528.000	1936.000	592.000	1408.000	16.86	L
179	Spectrogram 1	1	553.771817801	556.234814775	2222.459	626.800	554.2499	0.1923	555.6562	0.7692	1.4062	2.4630	864.000	1456.000	912.000	592.000	18.13	L
180	Spectrogram 1	1	557.032686774	559.148782766	2252.800	810.600	557.6562	0.2879	558.4062	0.6515	0.7500	2.1161	960.000	1616.000	960.000	656.000	17.99	L
181	Spectrogram 1	1	559.911964927	561.958680723	1919.052	551.200	560.4374	0.2500	561.3437	0.7031	0.9062	2.0467	688.000	1600.000	720.000	912.000	18.56	L
182	Spectrogram 1	1	562.513722294	563.762565831	1415.800	918.600	562.8437	0.2564	563.3437	0.6667	0.5000	1.2488	1008.000	1312.000	1024.000	304.000	19.13	R
183	Spectrogram 1	1	563.970706420	565.843971724	1615.644	572.800	564.3749	0.2034	565.4687	0.7966	1.0938	1.8733	784.000	1344.000	960.000	560.000	17.88	L
184	Spectrogram 1	1	566.988744966	569.208911253	1979.733	767.300	567.4687	0.2143	568.8437	0.8429	1.3750	2.2202	880.000	1472.000	944.000	592.000	19.03	L
185	Spectrogram 1	1	570.180234003	573.024822058	2002.489	518.800	570.6874	0.1778	572.3749	0.7778	1.6875	2.8446	736.000	1392.000	784.000	656.000	17.11	L
186	Spectrogram 1	1	575.695959621	578.367097185	961.900	172.900	576.1874	0.1786	577.7812	0.7857	1.5938	2.6711	304.000	752.000	368.000	448.000	17.44	F
187	Spectrogram 1	1	579.303729837	580.587263472	994.300	475.500	579.5312	0.1750	580.0624	0.6000	0.5312	1.2835	656.000	848.000	720.000	192.000	22.95	LS
188	Spectrogram 1	1	581.176995142	583.223710937	832.200	129.700	581.5312	0.1692	582.7187	0.7538	1.1875	2.0467	272.000	688.000	688.000	416.000	16.95	F
189	Spectrogram 1	1	583.848132705	585.305116831	940.200	507.900	584.3124	0.3111	584.8749	0.7111	0.5625	1.4570	688.000	832.000	752.000	144.000	24.89	LS
190	Spectrogram 1	1	585.686707911	588.184394984	940.200	108.100	586.2812	0.2405	587.5312	0.7468	1.2500	2.4977	256.000	704.000	288.000	448.000	18.03	F
191	Spectrogram 1	1	588.531295706	589.606688751	918.600	540.400	588.8124	0.2424	589.0937	0.5152	0.2812	1.0754	688.000	752.000	736.000	64.000	18.14	LS
192	Spectrogram 1	1	590.057660028	592.312516413	907.800	108.100	590.4374	0.1667	591.7812	0.7639	1.3438	2.2549	208.000	704.000	688.000	496.000	18.71	F
193	Spectrogram 1	1	595.330554959	597.620101442	1005.100	118.900	595.9374	0.2639	597.2187	0.8333	1.2812	2.2895	272.000	752.000	576.000	480.000	16.51	F
194	Spectrogram 1	1	598.140452916	599.146465764	788.900	497.100	598.4687	0.3226	598.8124	0.6774	0.3438	1.0060	608.000	720.000	656.000	112.000	19.22	LS
195	Spectrogram 1	1	599.805577631	601.991053819	853.800	162.100	600.2187	0.1884	601.4687	0.7681	1.2500	2.1855	240.000	736.000	368.000	496.000	18.41	F
196	Spectrogram 1	1	602.580785489	603.760248829	918.600	475.500	602.8749	0.2432	603.4374	0.7297	0.5625	1.1795	512.000	816.000	528.000	304.000	20.81	LS
197	Spectrogram 1	1	604.349980499	606.084485410	864.600	108.100	604.6249	0.1481	605.7187	0.7963	1.0938	1.7345	224.000	704.000	352.000	480.000	19.39	F
198	Spectrogram 1	1	606.466076491	607.298638848	767.300	432.300	606.6562	0.2308	607.0624	0.7308	0.4062	0.8326	512.000	688.000	528.000	176.000	20.07	LS
199	Spectrogram 1	1	607.853680420	609.900396215	843.000	75.700	608.2499	0.1875	609.5312	0.8281	1.2812	2.0467	224.000	720.000	240.000	496.000	19.10	F
200	Spectrogram 1	1	610.281987296	611.010479359	886.200	529.600	610.4062	0.1364	610.8124	0.7273	0.4062	0.7285	640.000	736.000	672.000	96.000	20.16	LS
201	Spectrogram 1	1	611.808351618	613.716307020	756.500	108.100	612.0624	0.1333	613.3124	0.8000	1.2500	1.9080	224.000	672.000	624.000	448.000	21.75	F
202	Spectrogram 1	1	616.734344730	619.509552589	821.400	140.500	617.3437	0.2159	618.5937	0.6705	1.2500	2.7752	224.000	688.000	320.000	464.000	17.03	F
203	Spectrogram 1	1	622.180690152	624.990588109	799.700	140.500	622.9374	0.2697	624.3437	0.7753	1.4062	2.8099	256.000	688.000	512.000	432.000	16.94	F
204	Spectrogram 1	1	628.667738521	631.130735495	843.000	172.900	629.1874	0.2051	630.6249	0.7949	1.4375	2.4630	272.000	704.000	464.000	432.000	16.49	F
205	Spectrogram 1	1	631.685777067	633.004000800	875.400	572.800	632.1562	0.3571	632.5312	0.6429	0.3750	1.3182	720.000	752.000	736.000	32.000	17.13	LS
206	Spectrogram 1	1	633.454972077	635.640448265	843.000	194.500	633.9687	0.2319	635.0937	0.7536	1.1250	2.1855	256.000	736.000	736.000	480.000	17.51	F
207	Spectrogram 1	1	635.987349247	636.958671998	994.300	594.400	636.2499	0.2667	636.5937	0.6333	0.3438	0.9713	704.000	912.000	720.000	208.000	23.84	LS
208	Spectrogram 1	1	637.548403668	639.629809561	853.800	129.700	638.0624	0.2424	639.1562	0.7727	1.0938	2.0814	256.000	704.000	592.000	448.000	18.15	F
209	Spectrogram 1	1	640.219541231	641.260244178	897.000	432.300	640.3749	0.1250	640.9062	0.6562	0.5312	1.0407	544.000	752.000	736.000	208.000	23.13	LS
210	Spectrogram 1	1	641.711215455	643.896691643	821.400	140.500	642.1874	0.2174	643.2812	0.7246	1.0938	2.1855	240.000	704.000	576.000	464.000	19.68	F
211	Spectrogram 1	1	647.400391305	650.210289261	853.800	97.300	648.3124	0.3258	649.7187	0.8315	1.4062	2.8099	256.000	672.000	336.000	416.000	17.67	F
212	Spectrogram 1	1	653.020187218	656.419816844	810.600	140.500	654.0624	0.3056	655.7499	0.8056	1.6875	3.3996	288.000	640.000	320.000	352.000	17.61	F
213	Spectrogram 1	1	659.819446471	662.698724624	810.600	151.300	660.7812	0.3297	662.2812	0.8571	1.5000	2.8793	320.000	704.000	336.000	384.000	17.62	F
214	Spectrogram 1	1	663.531286981	664.918890910	1242.800	702.500	663.9687	0.3023	664.5624	0.7442	0.5938	1.3876	832.000	1008.000	864.000	176.000	21.74	L
216	Spectrogram 1	1	667.173747295	669.324533385	1426.015	745.700	667.4374	0.1176	668.6249	0.6765	1.1875	2.1508	864.000	1104.000	880.000	240.000	20.17	L
217	Spectrogram 1	1	670.365236332	672.550712521	1638.400	788.900	670.9062	0.2464	671.7812	0.6522	0.8750	2.1855	944.000	1120.000	944.000	176.000	19.19	L
218	Spectrogram 1	1	673.140444191	675.742201558	1570.133	670.100	673.7812	0.2439	675.0624	0.7439	1.2812	2.6018	784.000	1120.000	832.000	336.000	20.67	L
219	Spectrogram 1	1	676.436003522	677.476706469	1350.900	929.400	676.6874	0.2424	677.2499	0.7879	0.5625	1.0407	1024.000	1216.000	1168.000	192.000	17.81	R
220	Spectrogram 1	1	678.044825045	680.542512118	1630.815	659.300	678.4999	0.1772	679.9687	0.7722	1.4688	2.4977	800.000	1152.000	832.000	352.000	21.32	L
221	Spectrogram 1	1	681.513834868	683.456480369	1539.793	699.285	682.0624	0.2787	683.1249	0.8361	1.0625	1.9426	816.000	1280.000	912.000	464.000	20.69	L
222	Spectrogram 1	1	684.670633807	686.786729799	1623.230	756.500	685.2187	0.2537	686.3124	0.7761	1.0938	2.1161	928.000	1344.000	976.000	416.000	20.34	L
223	Spectrogram 1	1	687.653982254	689.353797068	1592.889	670.100	688.1562	0.2963	688.9062	0.7407	0.7500	1.6998	816.000	1280.000	832.000	464.000	19.85	L
224	Spectrogram 1	1	690.082289130	691.227062372	1588.700	1145.600	690.4687	0.3333	690.8124	0.6389	0.3438	1.1448	1232.000	1504.000	1328.000	272.000	18.54	R
225	Spectrogram 1	1	691.469893060	693.516608855	1676.326	680.900	691.7187	0.1094	692.8124	0.6562	1.0938	2.0467	784.000	1104.000	832.000	320.000	20.66	L
226	Spectrogram 1	1	694.383861311	697.089688973	1774.933	756.500	694.9999	0.2235	696.4999	0.7882	1.5000	2.7058	928.000	1136.000	944.000	208.000	20.56	L
227	Spectrogram 1	1	697.887561232	699.934277027	1850.785	691.700	698.5312	0.3125	699.5624	0.8281	1.0312	2.0467	848.000	1360.000	944.000	512.000	20.34	L
228	Spectrogram 1	1	701.044359911	702.813554921	1812.859	626.800	701.5624	0.2857	702.1562	0.6250	0.5938	1.7692	720.000	1280.000	1056.000	560.000	18.93	L
229	Spectrogram 1	1	703.507356885	704.582749930	1675.100	994.300	703.7187	0.1818	704.3124	0.7576	0.5938	1.0754	1104.000	1472.000	1152.000	368.000	16.15	R
230	Spectrogram 1	1	705.033721207	707.184507298	1797.689	702.500	705.4374	0.1791	706.6249	0.7463	1.1875	2.1508	864.000	1152.000	976.000	288.000	18.45	L
231	Spectrogram 1	1	708.572111227	710.133165647	2025.244	637.600	708.8437	0.1633	709.7187	0.7347	0.8750	1.5611	800.000	1328.000	816.000	528.000	18.49	L
232	Spectrogram 1	1	710.826967612	712.908373505	2199.704	518.800	711.3749	0.2576	712.3437	0.7273	0.9688	2.0814	688.000	1504.000	752.000	816.000	18.46	L
233	Spectrogram 1	1	713.532795273	715.510130872	1630.815	605.200	714.0312	0.2419	714.9374	0.7097	0.9062	1.9773	768.000	976.000	928.000	208.000	21.30	L
234	Spectrogram 1	1	716.585523918	719.430111972	897.000	140.500	717.1562	0.2000	718.6249	0.7222	1.4688	2.8446	288.000	672.000	608.000	384.000	17.86	F
235	Spectrogram 1	1	719.950463446	721.233997080	1037.500	529.600	720.1874	0.1750	720.8437	0.7000	0.6562	1.2835	656.000	896.000	736.000	240.000	24.44	LS
236	Spectrogram 1	1	723.350093072	726.125300930	778.100	183.700	723.9999	0.2273	725.3749	0.7273	1.3750	2.7752	304.000	672.000	304.000	368.000	19.99	F
237	Spectrogram 1	1	726.368131358	727.512904600	940.200	529.600	726.7187	0.3056	727.0937	0.6389	0.3750	1.1448	592.000	768.000	720.000	176.000	24.66	LS
238	Spectrogram 1	1	727.998565975	730.461562949	832.200	162.100	728.5937	0.2436	729.8124	0.7436	1.2188	2.4630	240.000	768.000	272.000	528.000	18.18	F
239	Spectrogram 1	1	730.808463932	731.779786682	961.900	583.600	731.0624	0.2667	731.4687	0.7000	0.4062	0.9713	656.000	816.000	720.000	160.000	26.16	LS
240	Spectrogram 1	1	732.438898548	734.381544049	875.400	129.700	732.8437	0.1967	734.0312	0.8197	1.1875	1.9426	240.000	736.000	272.000	496.000	19.41	F
241	Spectrogram 1	1	734.867205424	735.977288568	972.700	507.900	735.1874	0.2857	735.6249	0.6857	0.4375	1.1101	640.000	848.000	768.000	208.000	27.05	LS
242	Spectrogram 1	1	736.358879648	738.613736033	918.600	97.300	736.9999	0.2817	738.0624	0.7606	1.0625	2.2549	224.000	688.000	352.000	464.000	17.89	F
243	Spectrogram 1	1	739.134087507	740.278860748	983.500	497.100	739.4062	0.2286	739.9062	0.6857	0.5000	1.1448	704.000	784.000	736.000	80.000	21.75	LS
244	Spectrogram 1	1	740.868592418	742.949998312	821.400	140.500	741.2812	0.1970	742.4374	0.7576	1.1562	2.0814	224.000	688.000	464.000	464.000	17.93	F
245	Spectrogram 1	1	744.962024009	747.425020983	897.000	140.500	745.5624	0.2436	746.8749	0.7821	1.3125	2.4630	240.000	768.000	272.000	528.000	16.97	F
246	Spectrogram 1	1	747.910682358	748.916695207	1015.900	583.600	748.1249	0.1935	748.7187	0.8065	0.5938	1.0060	656.000	912.000	752.000	256.000	27.76	LS
247	Spectrogram 1	1	749.610497172	751.900043655	929.400	162.100	749.9687	0.1528	751.3749	0.7778	1.4062	2.2895	272.000	688.000	576.000	416.000	19.20	F
248	Spectrogram 1	1	752.420395128	753.357027780	1059.100	507.900	752.7499	0.3448	753.1562	0.7931	0.4062	0.9366	656.000	832.000	784.000	176.000	26.26	LS
249	Spectrogram 1	1	754.189590138	756.097545540	832.200	86.500	754.7812	0.3000	755.6249	0.7500	0.8438	1.9080	288.000	624.000	608.000	336.000	18.55	F
250	Spectrogram 1	1	756.895417800	757.970810845	918.600	507.900	757.2812	0.3529	757.5312	0.5882	0.2500	1.0754	688.000	736.000	720.000	48.000	15.92	LS
251	Spectrogram 1	1	758.525852416	760.572568212	724.100	97.300	758.9999	0.2308	759.9062	0.6769	0.9062	2.0467	304.000	592.000	592.000	288.000	19.88	F
252	Spectrogram 1	1	761.335750113	764.006887677	691.700	118.900	762.0312	0.2588	763.3124	0.7412	1.2812	2.6711	208.000	608.000	272.000	400.000	20.98	F
253	Spectrogram 1	1	764.527239150	766.678025240	745.700	97.300	764.9062	0.1765	766.2812	0.8235	1.3750	2.1508	192.000	592.000	208.000	400.000	20.27	F
254	Spectrogram 1	1	902.331930799	905.280589148	702.500	108.100	902.9687	0.2151	904.9062	0.8817	1.9375	2.9487	256.000	624.000	576.000	368.000	16.41	F
255	Spectrogram 1	1	907.396685140	910.102512802	864.600	151.300	908.0624	0.2442	909.7812	0.8837	1.7188	2.7058	256.000	704.000	288.000	448.000	16.53	F
256	Spectrogram 1	1	911.490116731	912.947100857	1459.000	648.400	911.8124	0.2174	912.5312	0.7174	0.7188	1.4570	784.000	1120.000	832.000	336.000	19.11	L
257	Spectrogram 1	1	916.103899796	918.324066082	1588.700	724.100	916.9999	0.4000	917.9062	0.8143	0.9062	2.2202	848.000	976.000	848.000	128.000	19.26	L
258	Spectrogram 1	1	919.642289815	921.689005610	1600.474	637.600	920.3124	0.3231	921.1249	0.7231	0.8125	2.0467	848.000	1120.000	880.000	272.000	18.89	L
259	Spectrogram 1	1	922.937849147	925.019255040	1570.133	670.100	923.4999	0.2615	924.4374	0.7231	0.9375	2.0814	784.000	1168.000	816.000	384.000	18.18	L
260	Spectrogram 1	1	926.164028282	927.516942113	1523.800	670.100	926.5624	0.2857	927.0937	0.6905	0.5312	1.3529	784.000	1280.000	832.000	496.000	22.10	L
261	Spectrogram 1	1	928.245434176	929.077996533	1318.500	983.500	928.4999	0.3077	928.8124	0.6923	0.3125	0.8326	1088.000	1264.000	1216.000	176.000	14.49	R
262	Spectrogram 1	1	929.459587614	931.610373704	1752.178	637.600	929.9374	0.2206	931.1562	0.7941	1.2188	2.1508	816.000	1168.000	848.000	352.000	18.15	L
263	Spectrogram 1	1	932.651076651	934.836552839	1774.933	713.300	933.2499	0.2754	934.4687	0.8406	1.2188	2.1855	928.000	1136.000	960.000	208.000	18.73	L
264	Spectrogram 1	1	935.981325821	938.513702992	1539.793	670.100	936.5312	0.2125	937.8437	0.7375	1.3125	2.5324	800.000	1312.000	960.000	512.000	18.38	L
265	Spectrogram 1	1	938.929984170	939.901306921	1264.500	886.200	939.3124	0.4000	939.6249	0.7333	0.3125	0.9713	976.000	1104.000	1008.000	128.000	17.64	R
266	Spectrogram 1	1	940.629798984	942.572444484	1608.059	734.900	940.9062	0.1311	942.1874	0.8033	1.2812	1.9426	832.000	1376.000	1008.000	544.000	19.05	L
267	Spectrogram 1	1	943.751907824	945.625173128	1577.719	702.500	944.1249	0.1864	945.2187	0.7797	1.0938	1.8733	848.000	1296.000	960.000	448.000	19.94	L
268	Spectrogram 1	1	946.769946370	949.267633443	1630.815	680.900	947.2187	0.1772	948.7187	0.7848	1.5000	2.4977	848.000	1184.000	880.000	336.000	19.70	L
269	Spectrogram 1	1	949.961435407	951.071518550	1394.200	1026.700	950.2187	0.2286	950.7812	0.7429	0.5625	1.1101	1152.000	1328.000	1184.000	176.000	18.55	R
270	Spectrogram 1	1	951.626560122	953.603895721	1630.815	626.800	952.1562	0.2581	953.1249	0.7581	0.9688	1.9773	896.000	1264.000	992.000	368.000	18.06	L
271	Spectrogram 1	1	955.026189748	957.281046133	1638.400	691.700	955.4687	0.1972	956.8124	0.8028	1.3438	2.2549	864.000	1104.000	880.000	240.000	17.96	L
272	Spectrogram 1	1	958.599269866	960.888816349	1653.570	583.600	959.0312	0.1806	960.4687	0.8194	1.4375	2.2895	784.000	1040.000	800.000	256.000	18.97	L
273	Spectrogram 1	1	961.547928216	962.658011359	1502.200	1080.700	961.8749	0.2857	962.2812	0.6571	0.4062	1.1101	1216.000	1360.000	1280.000	144.000	15.91	R
274	Spectrogram 1	1	963.074292278	965.398528859	1534.600	572.800	963.4999	0.1781	964.9687	0.8219	1.4688	2.3242	768.000	1152.000	832.000	384.000	20.01	L
275	Spectrogram 1	1	966.265781315	968.902228780	1501.867	626.800	966.8124	0.2048	968.6562	0.9157	1.8438	2.6364	768.000	976.000	864.000	208.000	22.49	L
276	Spectrogram 1	1	969.838861432	972.475308898	767.300	172.900	970.2499	0.1548	971.8437	0.7619	1.5938	2.6364	320.000	672.000	656.000	352.000	20.69	F
277	Spectrogram 1	1	972.856899978	973.828222729	972.700	572.800	973.1874	0.3333	973.5624	0.7333	0.3750	0.9713	672.000	800.000	720.000	128.000	20.70	LS
278	Spectrogram 1	1	974.487334595	976.915641471	778.100	86.500	974.9374	0.1818	976.4687	0.8182	1.5312	2.4283	240.000	704.000	256.000	464.000	19.21	F
279	Spectrogram 1	1	979.101117660	981.251903750	832.200	140.500	979.6562	0.2500	980.9687	0.8676	1.3125	2.1508	256.000	672.000	288.000	416.000	19.32	F
280	Spectrogram 1	1	982.188536402	983.229239349	907.800	475.500	982.4687	0.2500	982.7499	0.5312	0.2812	1.0407	640.000	720.000	704.000	80.000	17.92	LS
281	Spectrogram 1	1	983.784280920	985.865686814	778.100	86.500	984.1874	0.1846	985.4999	0.8308	1.3125	2.0814	240.000	624.000	464.000	384.000	17.36	F
282	Spectrogram 1	1	986.351348189	987.392051136	864.600	464.700	986.7187	0.3438	987.0937	0.7188	0.3750	1.0407	576.000	752.000	704.000	176.000	21.28	LS
283	Spectrogram 1	1	987.912402610	990.028498602	853.800	118.900	988.3749	0.2121	989.5312	0.7727	1.1562	2.1161	240.000	720.000	400.000	480.000	17.15	F
284	Spectrogram 1	1	990.444779780	991.520172825	983.500	540.400	990.7499	0.2727	991.1874	0.6970	0.4375	1.0754	640.000	864.000	784.000	224.000	24.62	LS
285	Spectrogram 1	1	991.970145309	993.982171006	843.000	108.100	992.4374	0.2222	993.5624	0.7937	1.1250	2.0120	224.000	768.000	256.000	544.000	20.04	F
286	Spectrogram 1	1	994.398452185	995.022873953	940.200	616.000	994.5624	0.2632	994.9062	0.8421	0.3438	0.6244	720.000	784.000	752.000	64.000	15.56	LS
287	Spectrogram 1	1	995.681985819	997.659321418	843.000	118.900	996.0937	0.2063	997.2812	0.8095	1.1875	1.9773	224.000	720.000	720.000	496.000	18.47	F
288	Spectrogram 1	1	1000.850810455	1003.279117331	853.800	129.700	1001.4999	0.2632	1002.6874	0.7632	1.1875	2.4283	288.000	672.000	560.000	384.000	19.11	F
289	Spectrogram 1	1	1004.076989590	1005.256452930	864.600	410.700	1004.3749	0.2432	1004.8749	0.6757	0.5000	1.1795	608.000	736.000	720.000	128.000	20.90	LS
290	Spectrogram 1	1	1005.846184600	1007.996970690	799.700	129.700	1006.2187	0.1642	1007.2499	0.6567	1.0312	2.1508	352.000	624.000	592.000	272.000	18.88	F
291	Spectrogram 1	1	1008.517322164	1009.558025111	853.800	486.300	1008.8437	0.3125	1009.2499	0.7188	0.4062	1.0407	672.000	720.000	704.000	48.000	23.55	LS
292	Spectrogram 1	1	1010.321207272	1012.437303264	691.700	172.900	1010.6874	0.1667	1011.9687	0.7879	1.2812	2.1161	352.000	576.000	544.000	224.000	21.77	F
293	Spectrogram 1	1	1013.061725032	1013.963667586	853.800	507.900	1013.2812	0.2500	1013.6874	0.7143	0.4062	0.9019	592.000	752.000	704.000	160.000	22.71	LS
294	Spectrogram 1	1	1014.657469550	1016.496044756	713.300	162.100	1015.0624	0.2105	1016.1249	0.8070	1.0625	1.8386	368.000	592.000	560.000	224.000	22.57	F
295	Spectrogram 1	1	1017.293917016	1018.404000159	843.000	562.000	1017.7187	0.3824	1018.0937	0.7353	0.3750	1.1101	624.000	768.000	656.000	144.000	26.76	LS
296	Spectrogram 1	1	1018.993731829	1021.560799098	702.500	140.500	1019.5312	0.2099	1020.9374	0.7654	1.4062	2.5671	304.000	576.000	544.000	272.000	21.25	F
297	Spectrogram 1	1	1022.948402767	1026.070511608	691.700	129.700	1023.6874	0.2323	1025.3124	0.7576	1.6250	3.1221	224.000	576.000	544.000	352.000	18.59	F
298	Spectrogram 1	1	1029.678281824	1032.557559977	897.000	172.900	1030.4062	0.2527	1032.0937	0.8462	1.6875	2.8793	272.000	624.000	400.000	352.000	17.26	F
299	Spectrogram 1	1	1033.459502531	1035.228697540	961.900	605.200	1034.2187	0.4286	1034.8124	0.7679	0.5938	1.7692	704.000	800.000	768.000	96.000	22.96	LS
300	Spectrogram 1	1	1036.824442059	1039.391509328	767.300	129.700	1037.3124	0.1852	1038.7812	0.7654	1.4688	2.5671	288.000	656.000	384.000	368.000	16.64	F
301	Spectrogram 1	1	1040.050621194	1042.132027088	1577.719	670.100	1040.4687	0.1970	1041.4374	0.6667	0.9688	2.0814	800.000	1200.000	880.000	400.000	18.82	L
302	Spectrogram 1	1	1042.895209249	1043.901222097	1588.700	1156.400	1043.0624	0.1613	1043.8124	0.9355	0.7500	1.0060	1232.000	1536.000	1408.000	304.000	15.21	R
303	Spectrogram 1	1	1044.317503276	1046.260148777	1621.100	702.500	1044.6874	0.1803	1045.5624	0.6393	0.8750	1.9426	864.000	1136.000	880.000	272.000	18.12	L
304	Spectrogram 1	1	1047.647752706	1049.625088305	1585.304	637.600	1048.1562	0.2540	1049.1562	0.7619	1.0000	1.9773	800.000	1312.000	816.000	512.000	17.17	L
305	Spectrogram 1	1	1051.012691975	1053.753209735	1630.815	691.700	1051.6874	0.2414	1053.2812	0.8276	1.5938	2.7405	784.000	1152.000	848.000	368.000	20.61	L
306	Spectrogram 1	1	1054.689842387	1055.695855235	1545.500	1188.800	1054.9374	0.2258	1055.4687	0.7742	0.5312	1.0060	1216.000	1488.000	1296.000	272.000	13.53	R
307	Spectrogram 1	1	1056.250896807	1058.089472013	1744.593	972.700	1056.6562	0.2105	1057.8124	0.8596	1.1562	1.8386	1040.000	1440.000	1056.000	400.000	20.22	L
308	Spectrogram 1	1	1059.407695746	1061.940072917	1729.422	821.400	1059.9687	0.2125	1061.0937	0.6625	1.1250	2.5324	976.000	1248.000	1008.000	272.000	17.01	L
309	Spectrogram 1	1	1062.946085765	1064.854041168	1675.100	745.700	1063.5624	0.3167	1064.4999	0.8167	0.9375	1.9080	880.000	1376.000	944.000	496.000	20.42	L
310	Spectrogram 1	1	1065.998814409	1067.941459910	1642.700	724.100	1066.6874	0.3548	1067.4999	0.7742	0.8125	1.9426	832.000	1328.000	928.000	496.000	17.72	L
311	Spectrogram 1	1	1068.669951973	1069.884105411	1826.400	1394.200	1069.0624	0.3158	1069.6249	0.7895	0.5625	1.2142	1456.000	1808.000	1536.000	352.000	16.33	R
312	Spectrogram 1	1	1070.161626197	1071.965511305	1599.500	680.900	1070.4374	0.1429	1071.4374	0.7143	1.0000	1.8039	848.000	1232.000	912.000	384.000	19.75	L
313	Spectrogram 1	1	1073.249044939	1075.746732012	1588.700	734.900	1073.9374	0.2785	1075.1874	0.7848	1.2500	2.4977	912.000	1168.000	944.000	256.000	18.82	L
314	Spectrogram 1	1	1076.960885450	1079.319812129	1934.500	518.800	1077.4062	0.1867	1078.7499	0.7600	1.3438	2.3589	704.000	1312.000	784.000	608.000	17.75	L
315	Spectrogram 1	1	1080.187064325	1081.505288058	1696.800	1232.000	1080.5937	0.3095	1081.3124	0.8571	0.7188	1.3182	1328.000	1680.000	1648.000	352.000	18.30	R
316	Spectrogram 1	1	1081.852189040	1083.829524639	1815.600	767.300	1082.1874	0.1613	1083.4374	0.8065	1.2500	1.9773	960.000	1376.000	960.000	416.000	18.47	L
317	Spectrogram 1	1	1084.904917684	1087.437294855	1783.200	734.900	1085.5624	0.2625	1086.8437	0.7750	1.2812	2.5324	896.000	1424.000	928.000	528.000	19.43	L
318	Spectrogram 1	1	1088.686138391	1091.045065071	1934.500	648.400	1089.0312	0.1467	1090.5624	0.8000	1.5312	2.3589	816.000	1376.000	1056.000	560.000	18.89	L
319	Spectrogram 1	1	1092.085768018	1093.716202634	1848.100	713.300	1092.6249	0.3333	1093.4687	0.8627	0.8438	1.6304	800.000	1232.000	912.000	432.000	21.95	L
320	Spectrogram 1	1	1094.410004599	1096.873001573	821.400	140.500	1094.8437	0.1688	1096.3749	0.8052	1.5312	2.4630	288.000	640.000	624.000	352.000	21.95	F
321	Spectrogram 1	1	1097.462733243	1098.642196583	1048.300	540.400	1097.7812	0.2703	1098.2812	0.7027	0.5000	1.1795	656.000	848.000	672.000	192.000	21.54	LS
322	Spectrogram 1	1	1099.058477762	1101.556164834	897.000	118.900	1099.6249	0.2278	1101.1562	0.8481	1.5312	2.4977	224.000	784.000	256.000	560.000	19.02	F
323	Spectrogram 1	1	1105.059864755	1107.661622122	810.600	140.500	1105.6562	0.2289	1106.9999	0.7470	1.3438	2.6018	256.000	640.000	272.000	384.000	17.19	F
324	Spectrogram 1	1	1108.147283498	1109.361436936	961.900	475.500	1108.4062	0.2105	1108.9374	0.6579	0.5312	1.2142	656.000	768.000	752.000	112.000	21.97	LS
325	Spectrogram 1	1	1109.898987812	1112.327294688	702.500	194.500	1110.3437	0.1818	1111.6249	0.7143	1.2812	2.4283	304.000	624.000	416.000	320.000	19.31	F
326	Spectrogram 1	1	1112.708885769	1113.784278814	918.600	529.600	1112.9687	0.2353	1113.3749	0.6176	0.4062	1.0754	640.000	848.000	672.000	208.000	21.18	LS
327	Spectrogram 1	1	1114.269940189	1116.004445101	886.200	151.300	1114.5312	0.1455	1115.7187	0.8364	1.1875	1.7345	240.000	752.000	624.000	512.000	21.97	F
328	Spectrogram 1	1	1116.732937163	1117.808330209	886.200	507.900	1117.0312	0.2727	1117.3749	0.6061	0.3438	1.0754	592.000	864.000	848.000	272.000	22.38	LS
329	Spectrogram 1	1	1118.293991584	1120.167256888	788.900	129.700	1118.8124	0.2712	1119.6562	0.7288	0.8438	1.8733	224.000	672.000	656.000	448.000	21.05	F
330	Spectrogram 1	1	1120.548847969	1121.658931112	994.300	507.900	1120.8749	0.2857	1121.3749	0.7429	0.5000	1.1101	592.000	784.000	688.000	192.000	24.61	LS
331	Spectrogram 1	1	1122.144592487	1124.746349854	788.900	86.500	1122.5624	0.1585	1123.7812	0.6341	1.2188	2.6018	224.000	624.000	560.000	400.000	18.15	F
332	Spectrogram 1	1	1127.244036927	1129.498893312	821.400	216.100	1127.8749	0.2817	1129.0937	0.8310	1.2188	2.2549	304.000	624.000	544.000	320.000	19.07	F
333	Spectrogram 1	1	1130.227385374	1131.372158616	961.900	583.600	1130.6249	0.3429	1130.9374	0.6286	0.3125	1.1448	688.000	752.000	720.000	64.000	16.24	LS
334	Spectrogram 1	1	1131.996580384	1133.904535787	843.000	194.500	1132.3124	0.1667	1133.4687	0.7833	1.1562	1.9080	240.000	704.000	240.000	464.000	19.20	F
335	Spectrogram 1	1	1134.633027849	1136.124702073	1102.400	551.200	1135.2187	0.3913	1135.6249	0.6739	0.4062	1.4917	704.000	976.000	720.000	272.000	18.56	LS
336	Spectrogram 1	1	1136.506292894	1138.761149279	691.700	108.100	1137.0312	0.2254	1138.1874	0.7465	1.1562	2.2549	272.000	592.000	496.000	320.000	17.47	F
337	Spectrogram 1	1	1138.969289868	1140.114063110	929.400	475.500	1139.3437	0.3143	1139.8749	0.8000	0.5312	1.1448	560.000	816.000	720.000	256.000	22.87	LS
338	Spectrogram 1	1	1140.669104682	1142.785200674	756.500	151.300	1140.9999	0.1493	1142.3749	0.8060	1.3750	2.1161	240.000	704.000	240.000	464.000	18.41	F
339	Spectrogram 1	1	1145.282887746	1147.676504524	691.700	129.700	1145.8437	0.2267	1146.9999	0.7200	1.1562	2.3936	240.000	576.000	560.000	336.000	18.66	F
340	Spectrogram 1	1	1148.196855997	1149.272249042	1048.300	659.300	1148.4687	0.2424	1149.0312	0.7879	0.5625	1.0754	720.000	944.000	912.000	224.000	14.43	LS
341	Spectrogram 1	1	1149.757910417	1151.839316311	702.500	108.100	1150.0624	0.1385	1151.1874	0.6923	1.1250	2.0814	224.000	560.000	560.000	336.000	18.99	F
342	Spectrogram 1	1	1151.978076704	1153.122849946	864.600	486.300	1152.3124	0.2857	1152.6562	0.6000	0.3438	1.1448	640.000	736.000	656.000	96.000	17.14	LS
343	Spectrogram 1	1	1153.608511321	1155.932747902	713.300	118.900	1153.9687	0.1507	1155.0624	0.6301	1.0938	2.3242	224.000	592.000	256.000	368.000	18.56	F
344	Spectrogram 1	1	1160.060869591	1162.593246762	702.500	64.800	1160.5624	0.2000	1161.9374	0.7500	1.3750	2.5324	224.000	560.000	544.000	336.000	19.42	F
345	Spectrogram 1	1	1166.756058290	1169.704716639	821.400	118.900	1167.5312	0.2581	1169.2187	0.8387	1.6875	2.9487	224.000	640.000	256.000	416.000	17.80	F
346	Spectrogram 1	1	1170.120997818	1171.231080961	940.200	518.800	1170.5624	0.4000	1170.8749	0.6857	0.3125	1.1101	672.000	736.000	704.000	64.000	16.73	LS
347	Spectrogram 1	1	1173.763458132	1176.261145205	832.200	172.900	1174.4687	0.2785	1175.9999	0.8987	1.5312	2.4977	272.000	640.000	304.000	368.000	17.07	F
348	Spectrogram 1	1	1177.093707562	1178.585381786	1210.400	670.100	1177.5624	0.3043	1178.2499	0.7826	0.6875	1.4917	800.000	944.000	864.000	144.000	16.76	L
349	Spectrogram 1	1	1180.042365911	1181.880941118	1296.900	756.500	1180.7812	0.3966	1181.6249	0.8621	0.8438	1.8386	816.000	944.000	848.000	128.000	17.33	L
350	Spectrogram 1	1	1183.164474752	1185.592781628	1585.304	691.700	1183.8749	0.2895	1185.0624	0.7895	1.1875	2.4283	848.000	1136.000	864.000	288.000	18.70	L
351	Spectrogram 1	1	1186.668174673	1188.576130076	1782.519	637.600	1187.2499	0.3000	1187.8124	0.6000	0.5625	1.9080	768.000	1264.000	816.000	496.000	18.38	L
352	Spectrogram 1	1	1189.755593416	1192.045139899	1599.500	691.700	1190.3124	0.2361	1191.6562	0.8333	1.3438	2.2895	848.000	1328.000	1072.000	480.000	20.47	L
353	Spectrogram 1	1	1192.877702256	1194.161235891	1491.400	1048.300	1193.4999	0.4750	1193.9062	0.8000	0.4062	1.2835	1136.000	1248.000	1184.000	112.000	17.39	R
354	Spectrogram 1	1	1194.682295442	1196.902461729	1664.300	734.900	1195.2499	0.2571	1196.2499	0.7143	1.0000	2.2202	864.000	1136.000	864.000	272.000	17.26	L
355	Spectrogram 1	1	1198.220685462	1199.989880471	1869.700	702.500	1198.8124	0.3273	1199.7812	0.8909	0.9688	1.7692	880.000	1504.000	1136.000	624.000	19.15	L
356	Spectrogram 1	1	188.153925082	189.180240768	1520.294	1080.540	188.2812	0.1250	189.0312	0.8750	0.7500	1.0263	1120.000	1440.000	1184.000	320.000	14.10	R
357	Spectrogram 1	1	353.761411927	354.686914575	1729.613	1170.286	353.9374	0.1786	354.4374	0.7500	0.5000	0.9255	1216.000	1584.000	1248.000	368.000	15.71	R
358	Spectrogram 1	1	180.267154456	180.335710207	3780.923	198.996	180.2812	0.0000	180.3124	1.0000	0.0312	0.0686	256.000	1856.000	384.000	1600.000	14.16	break
359	Spectrogram 1	1	346.597663270	347.077553532	3382.993	98.607	346.6249	0.0000	347.0624	1.0000	0.4375	0.4799	176.000	2400.000	304.000	2224.000	14.12	break
360	Spectrogram 1	1	514.854601487	514.923157238	3648.474	144.119	514.8749	0.0000	514.9062	1.0000	0.0312	0.0686	224.000	2912.000	704.000	2688.000	13.50	break
361	Spectrogram 1	1	658.388055101	658.456610853	3762.252	151.704	658.4062	0.0000	658.4374	1.0000	0.0312	0.0686	176.000	2656.000	192.000	2480.000	13.07	break
362	Spectrogram 1	1	899.589738787	900.069629049	3474.015	257.896	899.6249	0.0667	900.0624	1.0000	0.4375	0.4799	304.000	2656.000	560.000	2352.000	13.17	break
363	Spectrogram 1	1	1035.965272175	1035.965272175	3322.311	98.607	1035.9687	NaN	1035.9687	NaN	0.0000	0.0000	240.000	2000.000	272.000	1760.000	15.29	break
364	Spectrogram 1	1	1172.761989305	1172.761989305	3693.985	144.119	1172.7499	NaN	1172.7499	NaN	0.0000	0.0000	208.000	3104.000	352.000	2896.000	14.13	break
365	Spectrogram 1	1	36.260225219	36.648035114	3333.182	99.498	36.2812	0.0000	36.6249	1.0000	0.3438	0.3878	176.000	2608.000	224.000	2432.000	13.96	break
